DATE,0
1988-10-05,
1988-10-07,
1988-10-10,
1988-10-11,
1988-10-12,
1988-10-13,
1988-10-14,
1988-10-17,
1988-10-18,
1988-10-19,
1988-10-20,
1988-10-21,
1988-10-24,
1988-10-25,
1988-10-26,
1988-10-27,
1988-10-28,
1988-10-31,
1988-11-01,
1988-11-02,
1988-11-03,
1988-11-04,
1988-11-07,
1988-11-08,
1988-11-09,
1988-11-10,
1988-11-11,
1988-11-14,
1988-11-15,
1988-11-16,
1988-11-17,
1988-11-18,
1988-11-21,
1988-11-22,
1988-11-23,
1988-11-25,
1988-11-28,
1988-11-29,
1988-11-30,
1988-12-01,
1988-12-02,
1988-12-05,
1988-12-06,
1988-12-07,
1988-12-08,
1988-12-09,
1988-12-12,
1988-12-13,
1988-12-14,
1988-12-15,
1988-12-16,
1988-12-19,
1988-12-20,
1988-12-21,
1988-12-22,
1988-12-23,
1988-12-27,
1988-12-28,
1988-12-29,
1988-12-30,
1989-01-03,
1989-01-04,
1989-01-05,
1989-01-06,
1989-01-09,
1989-01-10,
1989-01-11,
1989-01-12,
1989-01-13,
1989-01-16,
1989-01-17,
1989-01-18,
1989-01-19,
1989-01-20,
1989-01-23,
1989-01-24,
1989-01-25,
1989-01-26,
1989-01-27,
1989-01-30,
1989-01-31,
1989-02-01,
1989-02-02,
1989-02-03,
1989-02-06,
1989-02-07,
1989-02-08,
1989-02-09,
1989-02-10,
1989-02-13,
1989-02-14,
1989-02-15,
1989-02-16,
1989-02-17,
1989-02-21,
1989-02-22,
1989-02-23,
1989-02-24,
1989-02-27,
1989-02-28,
1989-03-01,
1989-03-02,
1989-03-03,
1989-03-06,
1989-03-07,
1989-03-08,
1989-03-09,
1989-03-10,
1989-03-13,
1989-03-14,
1989-03-15,
1989-03-16,
1989-03-17,
1989-03-20,
1989-03-21,
1989-03-22,
1989-03-23,
1989-03-27,
1989-03-28,
1989-03-29,
1989-03-30,
1989-03-31,
1989-04-03,
1989-04-04,
1989-04-05,
1989-04-06,
1989-04-07,
1989-04-10,
1989-04-11,
1989-04-12,
1989-04-13,
1989-04-14,
1989-04-17,
1989-04-18,
1989-04-19,
1989-04-20,
1989-04-21,
1989-04-24,
1989-04-25,
1989-04-26,
1989-04-27,
1989-04-28,
1989-05-01,
1989-05-02,
1989-05-03,
1989-05-04,
1989-05-05,
1989-05-08,
1989-05-09,
1989-05-10,
1989-05-11,
1989-05-12,
1989-05-15,
1989-05-16,
1989-05-17,
1989-05-18,
1989-05-19,
1989-05-22,
1989-05-23,
1989-05-24,
1989-05-25,
1989-05-26,
1989-05-30,
1989-05-31,
1989-06-01,
1989-06-02,
1989-06-05,
1989-06-06,
1989-06-07,
1989-06-08,
1989-06-09,
1989-06-12,
1989-06-13,
1989-06-14,
1989-06-15,
1989-06-16,
1989-06-19,
1989-06-20,
1989-06-21,
1989-06-22,
1989-06-23,
1989-06-26,
1989-06-27,
1989-06-28,
1989-06-29,
1989-06-30,
1989-07-03,
1989-07-05,
1989-07-06,
1989-07-07,
1989-07-10,
1989-07-11,
1989-07-12,
1989-07-13,
1989-07-14,
1989-07-17,
1989-07-18,
1989-07-19,
1989-07-20,
1989-07-21,
1989-07-24,
1989-07-25,
1989-07-26,
1989-07-27,
1989-07-28,
1989-07-31,
1989-08-01,
1989-08-02,
1989-08-03,
1989-08-04,
1989-08-07,
1989-08-08,
1989-08-09,
1989-08-10,
1989-08-11,
1989-08-14,
1989-08-15,
1989-08-16,
1989-08-17,
1989-08-18,
1989-08-21,
1989-08-22,
1989-08-23,
1989-08-24,
1989-08-25,
1989-08-28,
1989-08-29,
1989-08-30,
1989-08-31,
1989-09-01,
1989-09-05,
1989-09-06,
1989-09-07,
1989-09-08,
1989-09-11,
1989-09-12,
1989-09-13,
1989-09-14,
1989-09-15,
1989-09-18,
1989-09-19,
1989-09-20,
1989-09-21,
1989-09-22,
1989-09-25,
1989-09-26,
1989-09-27,
1989-09-28,
1989-09-29,
1989-10-02,
1989-10-03,
1989-10-04,
1989-10-05,
1989-10-06,
1989-10-09,
1989-10-10,
1989-10-11,
1989-10-12,
1989-10-13,
1989-10-16,
1989-10-17,
1989-10-18,
1989-10-19,
1989-10-20,
1989-10-23,
1989-10-24,
1989-10-25,
1989-10-26,
1989-10-27,
1989-10-30,
1989-10-31,
1989-11-01,
1989-11-02,
1989-11-03,
1989-11-06,
1989-11-07,
1989-11-08,
1989-11-09,
1989-11-10,
1989-11-13,
1989-11-14,
1989-11-15,
1989-11-16,
1989-11-17,
1989-11-20,
1989-11-21,
1989-11-22,
1989-11-24,
1989-11-27,
1989-11-28,
1989-11-29,
1989-11-30,
1989-12-01,
1989-12-04,
1989-12-05,
1989-12-06,
1989-12-07,
1989-12-08,
1989-12-11,
1989-12-12,
1989-12-13,
1989-12-14,
1989-12-15,
1989-12-18,
1989-12-19,
1989-12-20,
1989-12-21,
1989-12-22,
1989-12-26,
1989-12-27,
1989-12-28,
1989-12-29,
1990-01-02,
1990-01-03,
1990-01-04,
1990-01-05,
1990-01-08,
1990-01-09,
1990-01-10,
1990-01-11,
1990-01-12,
1990-01-15,
1990-01-16,
1990-01-17,
1990-01-18,
1990-01-19,
1990-01-22,
1990-01-23,
1990-01-24,
1990-01-25,
1990-01-26,
1990-01-29,
1990-01-30,
1990-01-31,
1990-02-01,
1990-02-02,
1990-02-05,
1990-02-06,
1990-02-07,
1990-02-08,
1990-02-09,
1990-02-12,
1990-02-13,
1990-02-14,
1990-02-15,
1990-02-16,
1990-02-20,
1990-02-21,
1990-02-22,
1990-02-23,
1990-02-26,
1990-02-27,
1990-02-28,
1990-03-01,
1990-03-02,
1990-03-05,
1990-03-06,
1990-03-07,
1990-03-08,
1990-03-09,
1990-03-12,
1990-03-13,
1990-03-14,
1990-03-15,
1990-03-16,
1990-03-19,
1990-03-20,
1990-03-21,
1990-03-22,
1990-03-23,
1990-03-26,
1990-03-27,
1990-03-28,
1990-03-29,
1990-03-30,
1990-04-02,
1990-04-03,
1990-04-04,
1990-04-05,
1990-04-06,
1990-04-09,
1990-04-10,
1990-04-11,
1990-04-12,
1990-04-16,
1990-04-17,
1990-04-18,
1990-04-19,
1990-04-20,
1990-04-23,
1990-04-24,
1990-04-25,
1990-04-26,
1990-04-27,
1990-04-30,
1990-05-01,
1990-05-02,
1990-05-03,
1990-05-04,
1990-05-07,
1990-05-08,
1990-05-09,
1990-05-10,
1990-05-11,
1990-05-14,
1990-05-15,
1990-05-16,
1990-05-17,
1990-05-18,
1990-05-21,
1990-05-22,
1990-05-23,
1990-05-24,
1990-05-25,
1990-05-29,
1990-05-30,
1990-05-31,
1990-06-01,
1990-06-04,
1990-06-05,
1990-06-06,
1990-06-07,
1990-06-08,
1990-06-11,
1990-06-12,
1990-06-13,
1990-06-14,
1990-06-15,
1990-06-18,
1990-06-19,
1990-06-20,
1990-06-21,
1990-06-22,
1990-06-25,
1990-06-26,
1990-06-27,
1990-06-28,
1990-06-29,
1990-07-02,
1990-07-03,
1990-07-05,
1990-07-06,
1990-07-09,
1990-07-10,
1990-07-11,
1990-07-12,
1990-07-13,
1990-07-16,
1990-07-17,
1990-07-18,
1990-07-19,
1990-07-20,
1990-07-23,
1990-07-24,
1990-07-25,
1990-07-26,
1990-07-27,
1990-07-30,
1990-07-31,
1990-08-01,
1990-08-02,
1990-08-03,
1990-08-06,
1990-08-07,
1990-08-08,
1990-08-09,
1990-08-10,
1990-08-13,
1990-08-14,
1990-08-15,
1990-08-16,
1990-08-17,
1990-08-20,
1990-08-21,
1990-08-22,
1990-08-23,
1990-08-24,
1990-08-27,
1990-08-28,
1990-08-29,
1990-08-30,
1990-08-31,
1990-09-04,
1990-09-05,
1990-09-06,
1990-09-07,
1990-09-10,
1990-09-11,
1990-09-12,
1990-09-13,
1990-09-14,
1990-09-17,
1990-09-18,
1990-09-19,
1990-09-20,
1990-09-21,
1990-09-24,
1990-09-25,
1990-09-26,
1990-09-27,
1990-09-28,
1990-10-01,
1990-10-02,
1990-10-03,
1990-10-04,9.72831713208196e-07
1990-10-05,-3.653253280112971e-05
1990-10-08,0.00017133938882719652
1990-10-09,-6.665188486390422e-05
1990-10-10,0.0006206978204806837
1990-10-11,-0.00028514144901643193
1990-10-12,0.0001370600359148451
1990-10-15,-0.0005102201857216219
1990-10-16,0.0002001042462407653
1990-10-17,-0.0001414019737306586
1990-10-18,-0.00013642517830054942
1990-10-19,-2.705465296168845e-06
1990-10-22,-0.00013308805639890075
1990-10-23,-0.00017762196840579358
1990-10-24,0.00016864568951916137
1990-10-25,-0.00010928100596507652
1990-10-26,-0.00019371560180345064
1990-10-29,4.980523515787534e-05
1990-10-30,-2.2236342535095213e-05
1990-10-31,8.258802804678139e-05
1990-11-01,-1.2926855402340748e-05
1990-11-02,-0.00030866745129797717
1990-11-05,0.0003143426060575491
1990-11-06,-4.991458724901742e-05
1990-11-07,-2.60832323113116e-05
1990-11-08,0.0001113513962495904
1990-11-09,-9.287511592446836e-05
1990-11-12,-0.00027790608158495593
1990-11-13,-0.00023393697986371997
1990-11-14,-0.00042597511304860334
1990-11-15,0.00023716046127118687
1990-11-16,-0.0001112228299102881
1990-11-19,-0.0006181494388530029
1990-11-20,0.0007942141682502767
1990-11-21,-0.00022597709285199333
1990-11-23,-0.000747560652714133
1990-11-26,-0.0002642184875715427
1990-11-27,0.00019996589749056995
1990-11-28,0.0010822351605770692
1990-11-29,0.00023847473218858897
1990-11-30,-0.00034263331481188783
1990-12-03,-0.00014397875160930204
1990-12-04,-0.00015222545386374027
1990-12-05,-0.0007558859531766959
1990-12-06,-0.0002744250543830035
1990-12-07,-0.00022197544111680277
1990-12-10,-0.0019534312029034
1990-12-11,-0.0005556963537529649
1990-12-12,-0.00013192107328971594
1990-12-13,0.0002383888054070714
1990-12-14,0.0005614217853448421
1990-12-17,0.00044444893065057566
1990-12-18,0.0002749424405284653
1990-12-19,0.00015986955042736838
1990-12-20,-0.0008588542425750915
1990-12-21,9.544113724743839e-05
1990-12-24,0.0005582539257487473
1990-12-26,-0.00018082623140633857
1990-12-27,-0.000743824880604019
1990-12-28,-0.004927436196898186
1990-12-31,-3.438793440261288e-05
1991-01-02,-0.0005558692365345792
1991-01-03,-0.0003491689097798864
1991-01-04,0.0005483230179180827
1991-01-07,0.0007815340461973042
1991-01-08,0.00027630247064916436
1991-01-09,-0.0006795319717871395
1991-01-10,-0.0009553192228807674
1991-01-11,-0.00020816757117781077
1991-01-14,-0.00015451939489656693
1991-01-15,-0.00014677472600101277
1991-01-16,-6.613484878195768e-05
1991-01-17,0.000665247040011923
1991-01-18,-0.0004980916449993432
1991-01-21,-0.00011107705467937876
1991-01-22,0.0002983415823398447
1991-01-23,-0.0002197399662033362
1991-01-24,-8.572533440744996e-05
1991-01-25,-0.0001456468022035549
1991-01-28,0.0006178908513180413
1991-01-29,0.0004672637903242083
1991-01-30,9.496432691443216e-05
1991-01-31,0.00011661293236715686
1991-02-01,2.319301280534475e-05
1991-02-04,-0.001859744907896377
1991-02-05,-0.00047296719137526234
1991-02-06,-3.0678373371286925e-05
1991-02-07,-0.00013662188855001923
1991-02-08,-1.969102846256194e-05
1991-02-11,0.0001825025345060144
1991-02-12,6.591166822339276e-05
1991-02-13,-0.0002018607052030293
1991-02-14,-0.00040168624088284075
1991-02-15,0.0004963883755756135
1991-02-19,0.0002875430332508076
1991-02-20,0.0005292289732432077
1991-02-21,0.00017849942632672028
1991-02-22,0.00020912207268004992
1991-02-25,0.0003572816647097886
1991-02-26,5.634416283572323e-05
1991-02-27,0.00026153148041852225
1991-02-28,0.00040688637138181015
1991-03-01,0.00019424163507252896
1991-03-04,0.00033743374287579717
1991-03-05,-0.00034483041259984585
1991-03-06,-0.0004137238475740865
1991-03-07,7.261493491188874e-05
1991-03-08,-0.0001637458230560691
1991-03-11,-0.0010403751785097361
1991-03-12,4.962547694992473e-05
1991-03-13,-6.918811137553553e-05
1991-03-14,0.00026400176010084325
1991-03-15,-0.0005021915637364753
1991-03-18,2.062014228017495e-05
1991-03-19,6.958512912996836e-05
1991-03-20,0.00016777966142944047
1991-03-21,-1.930997821030295e-05
1991-03-22,6.340003952242634e-05
1991-03-25,1.246412353156869e-05
1991-03-26,4.9907685019746346e-05
1991-03-27,-0.0006074302265496403
1991-03-28,-0.00036949619332456174
1991-04-01,-0.00014855348352157765
1991-04-02,0.00011233469345418008
1991-04-03,-0.00023148616588896943
1991-04-04,0.00011839351747922272
1991-04-05,-0.0004888113394935272
1991-04-08,-0.00012609003676837397
1991-04-09,0.00020629438721590844
1991-04-10,0.00010843928004533555
1991-04-11,0.00032926104170640674
1991-04-12,-0.00020979698459550874
1991-04-15,-0.0003478585986824536
1991-04-16,0.00016571088113049578
1991-04-17,0.00047730135385550546
1991-04-18,-0.0001265226171852813
1991-04-19,0.0009726983249895901
1991-04-22,5.9546333528353104e-05
1991-04-23,-0.00011831027488615739
1991-04-24,-0.00011344805376425062
1991-04-25,-7.495304954565908e-05
1991-04-26,-4.480528313107924e-05
1991-04-29,3.855317731436862e-06
1991-04-30,0.0003695107026749611
1991-05-01,-0.001072979412851861
1991-05-02,-2.6973594475907534e-05
1991-05-03,-0.00012451493779037283
1991-05-06,-0.00012078565516484282
1991-05-07,-6.375189984043779e-05
1991-05-08,0.0001585652583351844
1991-05-09,0.0003196709420483327
1991-05-10,-2.09921272188797e-05
1991-05-13,-0.000140426564635397
1991-05-14,-0.00015265746049570033
1991-05-15,0.0002702186257281157
1991-05-16,0.00011793711856507863
1991-05-17,9.534016641837441e-05
1991-05-20,1.8101738746075646e-05
1991-05-21,7.115327815563775e-05
1991-05-22,0.00014872295443730925
1991-05-23,-0.00020940986427513199
1991-05-24,-0.00012683656813141387
1991-05-28,3.255464831049755e-05
1991-05-29,-4.392578564311064e-05
1991-05-30,0.0001150388678635276
1991-05-31,-4.967095333329387e-06
1991-06-03,-7.160114670419367e-06
1991-06-04,0.00013583897094543638
1991-06-05,0.00032486087420957827
1991-06-06,0.0002746979554512868
1991-06-07,-0.0001847883437159703
1991-06-10,-0.0002905151998867188
1991-06-11,-4.8266980834679035e-05
1991-06-12,-0.00024816516105088227
1991-06-13,-5.5697943423117425e-05
1991-06-14,8.131989758553365e-05
1991-06-17,-0.00015711906817136517
1991-06-18,6.7382691681731855e-06
1991-06-19,0.00012962612961036311
1991-06-20,-5.013147350106114e-05
1991-06-21,-5.325096708910898e-05
1991-06-24,-0.0001959498341433938
1991-06-25,5.355307921316117e-05
1991-06-26,5.6881942342365394e-05
1991-06-27,0.001385923315767958
1991-06-28,-0.0001667908733249449
1991-07-01,-0.0003027568632020761
1991-07-02,0.0004021297491041853
1991-07-03,0.0001575150774737637
1991-07-05,-7.519456385960771e-05
1991-07-08,-0.00021878538334566878
1991-07-09,-0.00012797180367669128
1991-07-10,-5.832033687144465e-05
1991-07-11,-7.127107888349628e-05
1991-07-12,-0.00013099572885875136
1991-07-15,-0.0005695663646294269
1991-07-16,0.00012292478453726887
1991-07-17,0.00010063027260338166
1991-07-18,0.0001623697745388663
1991-07-19,8.79814258107624e-05
1991-07-22,-0.00016877001244107128
1991-07-23,-1.4271864191095921e-05
1991-07-24,0.0001009790063725606
1991-07-25,-0.0002626985481012857
1991-07-26,1.7279111143241246e-05
1991-07-29,4.027193424214925e-05
1991-07-30,-2.3315582277122128e-05
1991-07-31,-6.453052795442874e-05
1991-08-01,6.865808896463398e-05
1991-08-02,2.649879908060161e-05
1991-08-05,-0.0008072387659213123
1991-08-06,-0.0002825435447461471
1991-08-07,-0.0008071538465705439
1991-08-08,-0.00042155332724607396
1991-08-09,9.77487797265474e-05
1991-08-12,-0.00019573227407001213
1991-08-13,-6.493904776878342e-05
1991-08-14,0.0002041261079666358
1991-08-15,-0.0006697604475374303
1991-08-16,-8.521709015233943e-06
1991-08-19,0.00014878852876529618
1991-08-20,-0.00044346694456112344
1991-08-21,4.960746007229489e-05
1991-08-22,0.0006192029478266181
1991-08-23,0.00026032763644447875
1991-08-26,0.000481103419999764
1991-08-27,2.4809261149218013e-06
1991-08-28,-0.00010788402289314502
1991-08-29,-0.0005148378654228932
1991-08-30,-0.0001319886869826049
1991-09-03,-2.8428286256477418e-05
1991-09-04,8.828351284562958e-05
1991-09-05,2.4651669167434346e-05
1991-09-06,0.00012681355464137602
1991-09-09,-0.0002496709806173574
1991-09-10,-0.00014246100310003903
1991-09-11,-5.214773363041357e-05
1991-09-12,-7.03076483485847e-05
1991-09-13,-0.0003076425487734553
1991-09-16,-0.0002607990055165899
1991-09-17,-5.5635769081051616e-05
1991-09-18,0.00011209554072776221
1991-09-19,-7.70462792060906e-06
1991-09-20,7.263836964448691e-05
1991-09-23,-5.442165854745754e-05
1991-09-24,-3.15389430136609e-05
1991-09-25,2.5567927283325477e-05
1991-09-26,-5.620652483320516e-05
1991-09-27,-0.0009173328954187711
1991-09-30,-0.0001627813022740461
1991-10-01,6.513531571957344e-05
1991-10-02,-0.00020954009203595094
1991-10-03,8.42367642676686e-05
1991-10-04,6.537221304810891e-05
1991-10-07,-0.0005540088296293072
1991-10-08,0.00012081171153364748
1991-10-09,0.00011305912723225792
1991-10-10,0.0003336779578054994
1991-10-11,0.00020720025935979432
1991-10-14,-0.0005447106708056128
1991-10-15,7.394430201364526e-06
1991-10-16,7.26872085243376e-05
1991-10-17,5.6403061963509466e-05
1991-10-18,0.0005317262998660731
1991-10-21,0.00012936399946093411
1991-10-22,0.0002613670944533899
1991-10-23,0.00015633600576197665
1991-10-24,1.2809468772950367e-05
1991-10-25,-0.0004705633129894063
1991-10-28,0.00027037869827670777
1991-10-29,-8.377280301481768e-05
1991-10-30,-0.000822333059961327
1991-10-31,-0.0007431793184647988
1991-11-01,0.00011276192288269427
1991-11-04,-0.0005187724222471325
1991-11-05,4.6753226177286255e-05
1991-11-06,0.0002476784120040511
1991-11-07,0.00015874396294653158
1991-11-08,-0.0005472785309297033
1991-11-11,-0.00021343875638549925
1991-11-12,0.0006180327536512065
1991-11-13,-3.308586907933383e-05
1991-11-14,0.0003037039356227408
1991-11-15,-0.00034230285531902356
1991-11-18,-0.00016284423059550473
1991-11-19,-0.00039015012864636507
1991-11-20,-0.00025012193671490135
1991-11-21,5.99504513196987e-05
1991-11-22,-0.0005538670210489758
1991-11-25,-0.00011123975261369688
1991-11-26,-1.051146717615654e-05
1991-11-27,-0.0002904744919048988
1991-11-29,-0.0001469806611417548
1991-12-02,1.7288391119733346e-05
1991-12-03,9.090074839152108e-05
1991-12-04,0.0002691988238849318
1991-12-05,-5.9350689664139985e-05
1991-12-06,-2.1381291858352374e-05
1991-12-09,-0.0003606617794976648
1991-12-10,-0.00012996086898962696
1991-12-11,-4.651790641042747e-05
1991-12-12,0.00012420999391292767
1991-12-13,0.00021763248907796063
1991-12-16,3.573660657079618e-05
1991-12-17,4.299544552839895e-05
1991-12-18,-0.0001502886670745549
1991-12-19,-6.0644597301580804e-06
1991-12-20,-5.249851488885496e-06
1991-12-23,-2.3849358571300282e-06
1991-12-24,-4.563764522478622e-06
1991-12-26,-1.698771959949142e-05
1991-12-27,-4.371220481845581e-06
1991-12-30,-0.0006724866866147392
1991-12-31,-0.0023082646223531638
1992-01-02,-0.0009063856760404805
1992-01-03,0.004057788491940017
1992-01-06,0.00012180171848680954
1992-01-07,0.00013910693325757696
1992-01-08,-0.0003263334866142049
1992-01-09,-0.00020486577222379206
1992-01-10,0.0003724237181495187
1992-01-13,0.00027161551369954396
1992-01-14,0.00041986502408430606
1992-01-15,-0.00030263260619769604
1992-01-16,-2.2687473630921173e-05
1992-01-17,-7.255263869415168e-05
1992-01-20,-0.00014257986406322705
1992-01-21,-4.2478063116042675e-05
1992-01-22,-8.848652855033077e-05
1992-01-23,8.189314756455744e-05
1992-01-24,-2.219714247920624e-05
1992-01-27,0.0002823615322772151
1992-01-28,-6.667815866383843e-05
1992-01-29,-0.00020725040432851001
1992-01-30,0.00015204203577512323
1992-01-31,-3.832972444761719e-05
1992-02-03,8.576315854883512e-05
1992-02-04,-0.00010095342278478115
1992-02-05,-5.755652745772239e-05
1992-02-06,-3.9998862761921156e-05
1992-02-07,-9.071647981365356e-05
1992-02-10,-0.0005210556493542875
1992-02-11,0.00016895395494432208
1992-02-12,0.0003937936294861841
1992-02-13,0.0002844534713093122
1992-02-14,0.0005389185391704805
1992-02-18,-0.00023614477821311776
1992-02-19,7.762069472407957e-05
1992-02-20,-0.00019828979812446228
1992-02-21,-3.1328862844584656e-05
1992-02-24,-0.00010443664701794507
1992-02-25,-0.0001383374558812993
1992-02-26,-0.00025714291386039553
1992-02-27,-0.00015191208541138045
1992-02-28,0.00012879885184030672
1992-03-02,-9.019629197812106e-05
1992-03-03,0.0004748164502317247
1992-03-04,-7.836767552025549e-05
1992-03-05,0.0001412469587679653
1992-03-06,-8.349466847175371e-05
1992-03-09,-0.0002159639596538477
1992-03-10,-4.070701389298807e-06
1992-03-11,-6.818108947158516e-05
1992-03-12,6.706296640789588e-05
1992-03-13,-3.495211284518345e-06
1992-03-16,-3.4373537967298057e-06
1992-03-17,6.203406916299194e-05
1992-03-18,-2.9081409183994245e-05
1992-03-19,-7.377942677364965e-05
1992-03-20,4.584134196535214e-05
1992-03-23,-9.367823194404656e-05
1992-03-24,6.262717973860602e-05
1992-03-25,-0.00016725422471554888
1992-03-26,8.31504025815705e-05
1992-03-27,-6.502797894922684e-05
1992-03-30,0.0006918765087782029
1992-03-31,-0.00022649586468992243
1992-04-01,-1.9784176641779612e-05
1992-04-02,-0.00045525825668755137
1992-04-03,3.886523689682884e-05
1992-04-06,-0.00033378218400662723
1992-04-07,0.0001873675164059665
1992-04-08,-0.00023699484748261542
1992-04-09,0.00023688385275387426
1992-04-10,-0.0009946222206698523
1992-04-13,0.0005850434589891425
1992-04-15,-0.0002089025379645956
1992-04-16,0.0006771056429076563
1992-04-20,0.00011720580943375635
1992-04-21,0.00010334346373310522
1992-04-22,-5.105571197272895e-05
1992-04-23,-5.5085552744904364e-05
1992-04-24,-2.9247447890204003e-05
1992-04-27,-0.000242948816640906
1992-04-28,0.00021499301609240808
1992-04-29,-0.00017883840720334297
1992-04-30,0.0002303321367875247
1992-05-01,-0.00010050900278974005
1992-05-04,-0.00028370167399384747
1992-05-05,7.909139430421603e-05
1992-05-06,-1.1989569277012462e-05
1992-05-07,7.846890907582146e-05
1992-05-08,0.00012506937897141025
1992-05-11,6.088796025284875e-06
1992-05-12,-1.4044580400412508e-05
1992-05-13,-3.240053979245088e-06
1992-05-14,-0.0002726806875963606
1992-05-15,0.00026581973743906244
1992-05-18,5.447356986528501e-05
1992-05-19,9.344011000112629e-05
1992-05-20,-0.0004013129216201172
1992-05-21,0.00020156414361697546
1992-05-22,0.00013454090277345492
1992-05-26,0.00023746359951587617
1992-05-27,5.3542634682568745e-05
1992-05-28,-0.000395916652095591
1992-05-29,3.704032089286214e-05
1992-06-01,-0.00013633483690008244
1992-06-02,7.775262720684557e-05
1992-06-03,2.4820648405974484e-05
1992-06-04,-9.006405117639919e-05
1992-06-05,-1.6355185694175492e-05
1992-06-08,-0.00013174190016274767
1992-06-09,8.308238604308726e-05
1992-06-10,-6.268226059728909e-05
1992-06-11,5.5956631601538036e-05
1992-06-12,3.477654959270284e-05
1992-06-15,-6.664597207441656e-05
1992-06-16,4.975126230851136e-05
1992-06-17,-0.00010392096507987644
1992-06-18,0.00013281844101997254
1992-06-19,-8.390619800606588e-05
1992-06-22,4.520516559961256e-05
1992-06-23,4.761048554303662e-05
1992-06-24,-2.1216778515151754e-05
1992-06-25,-0.00019157061091371508
1992-06-26,-9.563746053058692e-05
1992-06-29,-0.0001641778708713831
1992-06-30,-4.512689306584522e-06
1992-07-01,-9.186951084461773e-05
1992-07-02,-1.5630536629184615e-05
1992-07-06,-0.00022386443494404936
1992-07-07,-4.2332819870726825e-05
1992-07-08,-0.0012029795375607443
1992-07-09,0.0017190669575979018
1992-07-10,-1.9366828154583607e-05
1992-07-13,-4.437146362221602e-05
1992-07-14,1.0972882894914677e-05
1992-07-15,1.4460739686769552e-05
1992-07-16,-3.5744401696835e-05
1992-07-17,-5.0706390684075015e-05
1992-07-20,9.399461178413404e-05
1992-07-21,0.00017118136468104164
1992-07-22,8.721808729525785e-05
1992-07-23,-0.00011543175400649742
1992-07-24,1.461155171032475e-06
1992-07-27,-5.0110512134103e-05
1992-07-28,-8.574224588429772e-06
1992-07-29,2.4654681545843536e-05
1992-07-30,8.202245562400075e-05
1992-07-31,-7.845236247037213e-05
1992-08-03,0.00010488897305159687
1992-08-04,-0.00014414125920704935
1992-08-05,-7.200822666243183e-05
1992-08-06,-4.650903034688522e-05
1992-08-07,3.8877342094401154e-05
1992-08-10,-3.848932001959027e-05
1992-08-11,-3.192920136127939e-05
1992-08-12,1.1332072053331e-05
1992-08-13,0.00011519603255448337
1992-08-14,5.5416630609558386e-05
1992-08-17,-4.579268308546871e-05
1992-08-18,2.2594763314025662e-05
1992-08-19,-0.00010995126322964563
1992-08-20,0.00014046609368264376
1992-08-21,-6.163215887206337e-05
1992-08-24,0.00011969826802426463
1992-08-25,5.996230091702681e-05
1992-08-26,-7.054767052364696e-05
1992-08-27,-8.010553955313482e-05
1992-08-28,-4.89915850078632e-05
1992-08-31,-6.129001587633079e-05
1992-09-01,2.5129574473742376e-07
1992-09-02,-1.3053277673143246e-05
1992-09-03,-1.0498104130302461e-05
1992-09-04,-2.7459575524350327e-05
1992-09-08,-0.0013217576519695313
1992-09-09,0.00036969803752035576
1992-09-10,-0.0007013099525508295
1992-09-11,0.0008441254077639362
1992-09-14,2.7296016263970508e-06
1992-09-15,-7.601267706877086e-05
1992-09-16,9.802595958824953e-05
1992-09-17,-0.00010260720104206757
1992-09-18,0.000382230215689702
1992-09-21,-0.0003187288255443852
1992-09-22,0.0002669405860088002
1992-09-23,-0.000364155139833607
1992-09-24,0.00019939889254344436
1992-09-25,-0.00013359432002163455
1992-09-28,0.00012106788471976325
1992-09-29,-0.0007972717847903909
1992-09-30,0.00032057813160996345
1992-10-01,-0.0014165752196917607
1992-10-02,0.0015130299554755242
1992-10-05,-9.135071127107055e-05
1992-10-06,-0.00025321433481094197
1992-10-07,0.0004756895559722441
1992-10-08,-1.3510954485496633e-05
1992-10-09,0.0001492313280097209
1992-10-12,0.00019702224390096796
1992-10-13,-0.0004351893738856221
1992-10-14,0.00040563571344699723
1992-10-15,-0.0003804566163576615
1992-10-16,0.00014684010445244411
1992-10-19,1.775512800802931e-05
1992-10-20,-4.001571504292663e-05
1992-10-21,8.539453876261272e-05
1992-10-22,0.00022994230238350803
1992-10-23,7.21184860227331e-06
1992-10-26,-0.0007931201497301118
1992-10-27,0.00040850802693435863
1992-10-28,0.00017632443767328116
1992-10-29,-0.00023142594261017698
1992-10-30,-0.00017650609911013917
1992-11-02,0.00012309540706258117
1992-11-03,4.242389858033229e-05
1992-11-04,-1.2695033629300706e-05
1992-11-05,0.00010830250583140661
1992-11-06,-0.0003593290722070298
1992-11-09,0.0001464852182923642
1992-11-10,-8.315142759800743e-06
1992-11-11,0.00014842770148279987
1992-11-12,-0.0003764202695211067
1992-11-13,0.00015044987154808398
1992-11-16,0.00029456473981091574
1992-11-17,0.00032863729941143104
1992-11-18,-5.0392916664862304e-05
1992-11-19,-0.0005229758971896883
1992-11-20,0.00015533343138321237
1992-11-23,1.4604449801987416e-07
1992-11-24,-8.269080467080451e-06
1992-11-25,-0.0004027894739354037
1992-11-27,5.816165009033794e-06
1992-11-30,0.00042453958513661444
1992-12-01,0.00018817282601457088
1992-12-02,0.00011743747370249557
1992-12-03,-0.0003630587886180672
1992-12-04,-0.00027980228174168424
1992-12-07,-0.0005315846198988024
1992-12-08,0.00026008242618332623
1992-12-09,-3.853588218247564e-05
1992-12-10,0.00010915901355829373
1992-12-11,0.00014498148724109922
1992-12-14,-7.721337199110157e-05
1992-12-15,4.860402210523978e-05
1992-12-16,2.312004907602822e-05
1992-12-17,-0.00015397496819174257
1992-12-18,-1.140174655731775e-05
1992-12-21,-0.00015719415391824394
1992-12-22,0.00011302608530508042
1992-12-23,0.00013722476480926792
1992-12-24,0.00013194561376573302
1992-12-28,-0.00024147790099694232
1992-12-29,-6.836457742660237e-05
1992-12-30,0.0009617443009155016
1992-12-31,-0.0001746862143349535
1993-01-04,-0.0005297099753364383
1993-01-05,-0.00036195631427561094
1993-01-06,2.1444009488349742e-05
1993-01-07,0.00017908363988862317
1993-01-08,0.00014929444628119132
1993-01-11,-0.00016192753223910606
1993-01-12,-8.889288724836752e-05
1993-01-13,8.82619154257478e-05
1993-01-14,3.702268423747172e-05
1993-01-15,-5.870082449638286e-05
1993-01-18,-0.0001164853291635662
1993-01-19,-8.436807071768521e-05
1993-01-20,0.00024771301865325867
1993-01-21,0.00018675377172245052
1993-01-22,-8.926728712205707e-05
1993-01-25,-0.00018564142970904776
1993-01-26,-3.6936473151204984e-05
1993-01-27,5.164888993770197e-05
1993-01-28,4.116853481635026e-05
1993-01-29,-0.00010274702873028987
1993-02-01,-1.081981188426997e-05
1993-02-02,4.4764959478655984e-05
1993-02-03,0.000136939681939016
1993-02-04,-4.849240031174009e-05
1993-02-05,-0.00015733436774216823
1993-02-08,-7.467889359353121e-05
1993-02-09,0.00016048523862655732
1993-02-10,0.00017607877884617942
1993-02-11,-2.6368398079182155e-05
1993-02-12,-0.00015960210286549066
1993-02-16,-0.00010695696715833028
1993-02-17,6.455109428664358e-05
1993-02-18,6.550087459657812e-06
1993-02-19,-0.00010779875456668476
1993-02-22,3.952061710039119e-05
1993-02-23,7.818168596936053e-05
1993-02-24,1.775461722178757e-05
1993-02-25,1.9418215827471857e-05
1993-02-26,1.0367159051165485e-06
1993-03-01,1.664458621545749e-05
1993-03-02,-2.6346023514662343e-05
1993-03-03,-3.529890647730248e-05
1993-03-04,-0.0001284923538980596
1993-03-05,2.7180926928154357e-05
1993-03-08,0.00015729615208584738
1993-03-09,0.00011789604920015775
1993-03-10,-0.00012717108707936827
1993-03-11,-0.00012159502397586428
1993-03-12,2.7078223671038926e-05
1993-03-15,2.4596842999352574e-05
1993-03-16,-3.591651545776055e-05
1993-03-17,-6.7649317447721e-05
1993-03-18,-1.2626618879527457e-05
1993-03-19,6.457817359923688e-05
1993-03-22,-5.2664470914030856e-05
1993-03-23,-5.614200507222589e-05
1993-03-24,2.952350046660775e-05
1993-03-25,1.3886972614374248e-07
1993-03-26,-1.5581187389957086e-05
1993-03-29,6.778560450795834e-05
1993-03-30,-5.921719538910835e-05
1993-03-31,-0.00010871206260050354
1993-04-01,6.655849444900013e-05
1993-04-02,9.108922271758408e-05
1993-04-05,-1.491513412229494e-05
1993-04-06,-2.7290535510309546e-05
1993-04-07,-4.105245049145567e-06
1993-04-08,-4.079262884820417e-06
1993-04-12,-8.602281008029379e-05
1993-04-13,-7.719093295045566e-05
1993-04-14,-3.255947412602297e-05
1993-04-15,4.6708226721995975e-05
1993-04-16,0.00013002027173511778
1993-04-19,-1.9145725954537878e-05
1993-04-20,-2.5903873343198567e-05
1993-04-21,1.6884772893843418e-05
1993-04-22,3.207559672914792e-05
1993-04-23,2.848367606384757e-05
1993-04-26,-1.542947372612616e-05
1993-04-27,5.598871108020831e-05
1993-04-28,7.29825096025466e-05
1993-04-29,-0.00010148023207108129
1993-04-30,-0.00014464910887381757
1993-05-03,-4.84747329972394e-05
1993-05-04,-4.3796266040803915e-05
1993-05-05,-6.153529859337903e-05
1993-05-06,9.890416913953558e-05
1993-05-07,0.00013343253311963644
1993-05-10,8.821860356346897e-05
1993-05-11,1.016963151354044e-05
1993-05-12,-3.424100702552284e-05
1993-05-13,5.392841380227084e-05
1993-05-14,4.135169204198176e-05
1993-05-17,-4.317741400858834e-05
1993-05-18,-2.4927325539119665e-05
1993-05-19,-2.934156691751133e-06
1993-05-20,-0.00012258046449850206
1993-05-21,-0.0001081213195366419
1993-05-24,9.691125169834468e-05
1993-05-25,0.0001415978811998764
1993-05-26,8.754110681370839e-08
1993-05-27,-0.00010424535763302424
1993-05-28,3.912739186415415e-05
1993-06-01,2.949937389100962e-05
1993-06-02,-8.059896953546157e-05
1993-06-03,-4.373479072567597e-05
1993-06-04,-4.603580427967935e-05
1993-06-07,0.00015529026196084398
1993-06-08,0.00013749445126147447
1993-06-09,-0.00012874996710916141
1993-06-10,-0.00030093442150126265
1993-06-11,-4.420625105847989e-05
1993-06-14,-2.1963111542312096e-05
1993-06-15,-6.388068632307389e-05
1993-06-16,0.00012315111211813216
1993-06-17,0.00011483106196595653
1993-06-18,1.5699477477066464e-05
1993-06-21,-4.825620160209356e-06
1993-06-22,-4.607918063996509e-06
1993-06-23,-0.00010166602417526778
1993-06-24,-2.203136453877645e-05
1993-06-25,6.359458218892511e-05
1993-06-28,4.1269621064231985e-05
1993-06-29,0.0007351925125537621
1993-06-30,-0.00012401825293983178
1993-07-01,-0.0004412905046789047
1993-07-02,-0.0003418408416826563
1993-07-06,-0.00010329577178208501
1993-07-07,0.0002163888606644506
1993-07-08,0.0001633413209303527
1993-07-09,-6.928849137516193e-05
1993-07-12,-8.827990810684878e-05
1993-07-13,-5.451607756531944e-06
1993-07-14,-4.48665045917113e-06
1993-07-15,-4.755878945945753e-05
1993-07-16,-5.751195625466921e-05
1993-07-19,-2.7562378749348146e-05
1993-07-20,3.8398098804317816e-05
1993-07-21,0.00012957758275975963
1993-07-22,0.00016627957154280386
1993-07-23,4.6735354623699925e-05
1993-07-26,-0.00015500186516933766
1993-07-27,-0.0002133279550077156
1993-07-28,1.8473240083981528e-07
1993-07-29,6.22643331463005e-05
1993-07-30,-0.00015714458286048865
1993-08-02,-5.4976626237101275e-05
1993-08-03,0.00021476923818635558
1993-08-04,6.747693871547235e-05
1993-08-05,-8.95548681363276e-05
1993-08-06,-3.8936064845171816e-05
1993-08-09,-3.8973578071485e-05
1993-08-10,-2.1050216243910358e-05
1993-08-11,3.105493968220447e-05
1993-08-12,4.9797404119783655e-05
1993-08-13,-6.452965634505985e-05
1993-08-16,-7.59050130301919e-05
1993-08-17,8.726506581045454e-05
1993-08-18,0.00012656259681328972
1993-08-19,-1.2656274172793676e-07
1993-08-20,-9.538718043077961e-05
1993-08-23,-4.421744988028443e-05
1993-08-24,6.943029967312654e-05
1993-08-25,-2.0793356556668944e-06
1993-08-26,-6.011221850598548e-05
1993-08-27,5.269781284629661e-05
1993-08-30,3.1326516628536024e-05
1993-08-31,-4.321986340069795e-05
1993-09-01,-6.174556122327999e-05
1993-09-02,-6.142636612303341e-05
1993-09-03,1.6139020463572825e-05
1993-09-07,1.2578554229463708e-05
1993-09-08,-4.730867778125003e-06
1993-09-09,3.5816124250014056e-05
1993-09-10,5.0898280905837693e-05
1993-09-13,-2.7741226805040248e-05
1993-09-14,-9.363333646726102e-05
1993-09-15,-1.694938208802214e-06
1993-09-16,4.896436444635476e-05
1993-09-17,1.2875220376986866e-05
1993-09-20,-4.71379708943326e-06
1993-09-21,2.2331259652805675e-05
1993-09-22,7.461709168738949e-05
1993-09-23,7.438076871921987e-06
1993-09-24,-9.35224027571127e-05
1993-09-27,-3.382296941911398e-05
1993-09-28,-6.019982973256492e-06
1993-09-29,0.00017356894704048266
1993-09-30,0.00019243932074254554
1993-10-01,-0.00024069973054735705
1993-10-04,-0.00015195866538335293
1993-10-05,-8.407365856534804e-05
1993-10-06,-1.587907832634108e-05
1993-10-07,9.826904545665025e-05
1993-10-08,-8.110486286662727e-05
1993-10-11,-0.00021466641917367344
1993-10-12,-6.202530381253522e-05
1993-10-13,7.232726606436004e-05
1993-10-14,5.915009563077976e-05
1993-10-15,-6.272742277944815e-06
1993-10-18,-8.493779546680857e-05
1993-10-19,3.677558024379565e-05
1993-10-20,9.475788202775772e-05
1993-10-21,-1.9415272038045678e-05
1993-10-22,-2.3291625922640112e-05
1993-10-25,2.2966899473629954e-05
1993-10-26,1.4253680994280932e-05
1993-10-27,-0.00010069994550720299
1993-10-28,-3.980720084207663e-05
1993-10-29,4.909719122191972e-05
1993-11-01,-1.107356783944947e-05
1993-11-02,7.608349064311472e-07
1993-11-03,0.00011839460816485988
1993-11-04,-1.4641977778507951e-05
1993-11-05,-0.00018367682558690724
1993-11-08,-6.171045266137692e-05
1993-11-09,-1.0027441123842868e-05
1993-11-10,-9.106663855062038e-05
1993-11-11,1.0029961681186577e-05
1993-11-12,-0.00013436303251545967
1993-11-15,-0.00010496918006080703
1993-11-16,-4.3851560353354515e-05
1993-11-17,-3.526373619486633e-05
1993-11-18,-3.8962625249078245e-05
1993-11-19,4.86767727173275e-05
1993-11-22,5.1168540773372474e-05
1993-11-23,-5.725893304665177e-05
1993-11-24,-0.0002539204361270793
1993-11-26,-0.00013155109280528536
1993-11-29,-0.0002117899837687824
1993-11-30,0.00010654521019740705
1993-12-01,-2.893573095773761e-05
1993-12-02,-0.0004477215099685965
1993-12-03,-0.00010371908858525441
1993-12-06,-2.0217269546830314e-05
1993-12-07,2.527476099481048e-05
1993-12-08,-5.336679338238387e-05
1993-12-09,-0.00011733013534946646
1993-12-10,2.4955875032351652e-05
1993-12-13,0.00011612251973776163
1993-12-14,0.0001347444527650754
1993-12-15,-4.63672569211989e-05
1993-12-16,2.5334248348552116e-05
1993-12-17,-7.836913653919992e-05
1993-12-20,-4.079947436619568e-06
1993-12-21,0.00011492555330967367
1993-12-22,4.741543003082778e-05
1993-12-23,-3.742100710520915e-05
1993-12-27,-0.00011545180337783672
1993-12-28,-2.9312521944788903e-05
1993-12-29,-3.532803900888375e-05
1993-12-30,0.0011770557422513218
1993-12-31,-0.00013890190535083323
1994-01-03,-0.0003791682295628159
1994-01-04,-0.0001707307512244972
1994-01-05,-0.00016649752315540874
1994-01-06,-0.00018461286320919457
1994-01-07,-9.613740466911631e-05
1994-01-10,-0.0005504199204846244
1994-01-11,-2.9618848394513903e-05
1994-01-12,-0.00012699363995657698
1994-01-13,-5.677656389021944e-05
1994-01-14,0.00023107267563357033
1994-01-17,9.073766520965942e-05
1994-01-18,-8.99318774355237e-05
1994-01-19,-0.0003676539794910106
1994-01-20,-1.4906532075958321e-05
1994-01-21,1.6611155636063242e-05
1994-01-24,1.6065396649738753e-05
1994-01-25,1.7642363668050775e-07
1994-01-26,3.1667082152962137e-06
1994-01-27,-4.939140722468192e-05
1994-01-28,-7.41331998002689e-05
1994-01-31,-0.00013978069433767687
1994-02-01,0.0002052207079556507
1994-02-02,0.0004984000397268201
1994-02-03,0.0001802109137888271
1994-02-04,0.00021615149972662004
1994-02-07,0.0002978258605127226
1994-02-08,-0.00029554539571910595
1994-02-09,-0.00035957066510047673
1994-02-10,-0.0004281336451953185
1994-02-11,4.6291545016027475e-05
1994-02-14,-0.00018593256335643733
1994-02-15,-7.784110442271187e-05
1994-02-16,-3.3797601670726223e-06
1994-02-17,5.744655185769979e-05
1994-02-18,-0.0003100185592758032
1994-02-22,8.624426074981263e-05
1994-02-23,-0.0005054756885216839
1994-02-24,-1.6660476524935227e-05
1994-02-25,-3.612372689260307e-05
1994-02-28,-0.00012110195710908353
1994-03-01,-0.0005717430260110483
1994-03-02,0.0002690816698280319
1994-03-03,-0.0004568158779502424
1994-03-04,-0.00031493963525304226
1994-03-07,-0.00027461799555791383
1994-03-08,-0.0005021640802480363
1994-03-09,-0.00023783691206354562
1994-03-10,-0.0003723973150866833
1994-03-11,-7.075652780381567e-05
1994-03-14,-0.0002511956309382531
1994-03-15,-0.0001719684367658605
1994-03-16,-4.720444375730276e-05
1994-03-17,-0.00016845556825085582
1994-03-18,-0.00027803631954767836
1994-03-21,0.0002304014819278432
1994-03-22,-0.00019188458842342158
1994-03-23,-0.00017562828358956494
1994-03-24,3.2691393417001046e-05
1994-03-25,-0.000248045693033667
1994-03-28,0.00015821234726058186
1994-03-29,6.852918308292449e-05
1994-03-30,0.005543301319306368
1994-03-31,-0.0006892667228559426
1994-04-01,-0.0008887160000786306
1994-04-04,0.0006132219411437332
1994-04-05,-0.0003443900156944117
1994-04-06,-0.0007487025316470831
1994-04-07,-0.0004070028321545591
1994-04-08,-0.00013752750477186588
1994-04-11,0.00033361498337302833
1994-04-12,-0.0007067403712317315
1994-04-13,-0.00021672892812803828
1994-04-14,7.313633826425185e-05
1994-04-15,0.0002476023565053587
1994-04-18,0.00019990786616040537
1994-04-19,0.0006160109067743167
1994-04-20,0.00030703910957980687
1994-04-21,-0.00044131465851769724
1994-04-22,-0.0006323809214447208
1994-04-25,-0.00013278762658865562
1994-04-26,0.0002222173849998323
1994-04-28,5.9037663636855346e-05
1994-04-29,-0.00010089241663902589
1994-05-02,2.8658765465106986e-05
1994-05-03,5.224759143583095e-07
1994-05-04,3.0058793719745147e-05
1994-05-05,-5.452846804802241e-05
1994-05-06,-0.00016174772384847347
1994-05-09,0.0003859775431270296
1994-05-10,0.0008429271487247051
1994-05-11,-0.0003526509451537796
1994-05-12,-0.0011349377406928117
1994-05-13,-0.0003991555525260211
1994-05-16,-0.0002532737007915743
1994-05-17,-0.0001542292382157942
1994-05-18,0.0006799312157110862
1994-05-19,0.0005234645412548235
1994-05-20,-0.0001354968207021853
1994-05-23,-0.0002583215811532982
1994-05-24,0.00014089941646722992
1994-05-25,5.463013527256378e-05
1994-05-26,-0.0001515298372391927
1994-05-27,-8.197435173238622e-05
1994-05-31,4.746992303025887e-05
1994-06-01,-4.6695430430488675e-05
1994-06-02,-8.576551259455368e-05
1994-06-03,2.9536619974641025e-05
1994-06-06,0.00010871224871658646
1994-06-07,-6.913465862928358e-05
1994-06-08,-0.00013093714372335312
1994-06-09,-4.2943820231668703e-05
1994-06-10,-9.428496818616898e-06
1994-06-13,-3.302733119312152e-05
1994-06-14,8.982842592209182e-05
1994-06-15,3.7852656067953825e-05
1994-06-16,2.1478672071610637e-05
1994-06-17,-2.9261308729320686e-05
1994-06-20,6.530662127508514e-05
1994-06-21,6.8780302870525265e-06
1994-06-22,-3.3117798634072396e-06
1994-06-23,-8.163844305496164e-05
1994-06-24,1.7917584069055414e-05
1994-06-27,-3.358638967515376e-05
1994-06-28,2.544557642452738e-05
1994-06-29,0.004041702907529818
1994-06-30,0.0012172575773852475
1994-07-01,-0.0013937374605003125
1994-07-05,-0.003605646841655124
1994-07-06,-0.0003022438988065845
1994-07-07,-0.00036891899831356005
1994-07-08,-0.00021303869454292965
1994-07-11,0.0008137817474661816
1994-07-12,5.720319130773097e-06
1994-07-13,-0.0009908852756873227
1994-07-14,-0.0007950885103967904
1994-07-15,-0.0006576214257670674
1994-07-18,-5.751206174044486e-05
1994-07-19,0.0002016689406242866
1994-07-20,0.0002237852202257043
1994-07-21,0.0004839107739247321
1994-07-22,0.00029771603805021983
1994-07-25,0.00015097573460710854
1994-07-26,-0.00030463468916118566
1994-07-27,-0.00013925261871980342
1994-07-28,6.754473565255163e-05
1994-07-29,-0.00019920246741795232
1994-08-01,-0.0012935185056244984
1994-08-02,1.9757196939007658e-05
1994-08-03,-0.00022375700469485005
1994-08-04,-0.00020403920772087513
1994-08-05,-6.799479481621205e-05
1994-08-08,0.0009224932244671313
1994-08-09,-0.00032250064617358245
1994-08-10,-0.00016526192713041385
1994-08-11,-0.00030849910312646164
1994-08-12,0.00013013993327235996
1994-08-15,-7.992076690648095e-05
1994-08-16,-5.9078283598197124e-05
1994-08-17,0.0008495384984714646
1994-08-18,-6.34300681472628e-05
1994-08-19,-8.160578646883627e-05
1994-08-22,-0.00014200646763447877
1994-08-23,-7.390078148149174e-05
1994-08-24,-9.810864280406524e-05
1994-08-25,-0.0002069874644359683
1994-08-26,2.0712963089244945e-05
1994-08-29,-5.6320242019668076e-05
1994-08-30,-7.285167158266525e-05
1994-08-31,-8.778398343650791e-05
1994-09-01,-7.699971195661865e-05
1994-09-02,-5.5656904547706544e-05
1994-09-06,-0.00017246468392868422
1994-09-07,-0.00016007604835309054
1994-09-08,-0.00021594430532941944
1994-09-09,2.4140720150682986e-05
1994-09-12,-3.328061410139429e-05
1994-09-13,7.790481992006106e-05
1994-09-14,2.147887916928108e-05
1994-09-15,-0.00011825367319493286
1994-09-16,-5.866934239672837e-06
1994-09-19,-0.00029755494709122956
1994-09-20,-6.782676239436452e-05
1994-09-21,-7.19632348604524e-05
1994-09-22,-0.0001613420486305752
1994-09-23,5.8029312648425734e-05
1994-09-26,-9.753020851622502e-05
1994-09-27,-8.351056391031928e-05
1994-09-28,-0.000232795032124124
1994-09-29,0.006260133496933305
1994-09-30,-0.00034375692926454603
1994-10-03,-0.0007320252808441386
1994-10-04,-0.00020515716537322212
1994-10-05,-3.078505099008069e-05
1994-10-06,0.0004629396517318309
1994-10-07,-0.0008033469839433113
1994-10-10,-0.0009688445885735439
1994-10-11,0.0004029152207183466
1994-10-12,-0.0001826130024129748
1994-10-13,1.883993695240676e-05
1994-10-14,-0.0010311051305289469
1994-10-17,-0.00041673694327065594
1994-10-18,7.44271770771258e-05
1994-10-19,-0.0005005396986136306
1994-10-20,-0.0002892957347046419
1994-10-21,0.00048302181923271035
1994-10-24,-0.00047199764377667784
1994-10-25,-0.00018055724713093665
1994-10-26,-0.00029771600207779904
1994-10-27,-0.00030231050488362
1994-10-28,-0.0003686573922189549
1994-10-31,-0.0006413402636305501
1994-11-01,-8.728571956275399e-05
1994-11-02,0.00030676141935042457
1994-11-03,0.00016625887805644731
1994-11-04,-7.722991268821038e-05
1994-11-07,0.00012468380712408496
1994-11-08,-0.00011208016472669666
1994-11-09,-0.00030670146653587107
1994-11-10,-0.000294951496987414
1994-11-11,-0.00011410902863040649
1994-11-14,-9.933513096433407e-05
1994-11-15,-3.627771408973433e-05
1994-11-16,0.0006618016108190464
1994-11-17,-0.00025489699744822054
1994-11-18,-0.0002500682740024178
1994-11-21,-0.0001565959416584222
1994-11-22,-4.634899724239924e-05
1994-11-23,-0.00031989957113924967
1994-11-25,-0.00045012788133595765
1994-11-28,-7.647977934705224e-06
1994-11-29,0.0002031929488840985
1994-11-30,7.778926788610555e-05
1994-12-01,2.7330117643610256e-06
1994-12-02,-5.094879224401417e-05
1994-12-05,0.00019762416314789147
1994-12-06,-3.0300262598886244e-05
1994-12-07,-0.0008092746724643169
1994-12-08,-0.0009416084943258724
1994-12-09,0.00032126138164532405
1994-12-12,-0.0002087002234303331
1994-12-13,-4.9732177326435495e-05
1994-12-14,-7.364968124815218e-05
1994-12-15,-0.000494866789311973
1994-12-16,-9.996408510619493e-05
1994-12-19,-0.00015717766713341377
1994-12-20,-0.0002938826900094686
1994-12-21,-0.0006146693817882551
1994-12-22,-0.00012581162761311396
1994-12-23,0.00038575582342093056
1994-12-27,8.766405276569307e-06
1994-12-28,-0.0005460754048597285
1994-12-29,0.008812044809760371
1994-12-30,-0.0024892281628158645
1995-01-03,-0.006006253005880594
1995-01-04,0.0008847187043647402
1995-01-05,-0.0007403800108461643
1995-01-06,0.0004081345005074421
1995-01-09,0.00039093036959574144
1995-01-10,7.449994589595825e-05
1995-01-11,-0.0005504520091708658
1995-01-12,-0.0009051605969143961
1995-01-13,0.0002821718193409354
1995-01-17,-0.00013479847325357597
1995-01-18,0.0008533924919072637
1995-01-19,0.00027698264884538297
1995-01-20,-9.373992775276897e-05
1995-01-23,-0.0002665314682690872
1995-01-24,-2.5701871683783494e-05
1995-01-25,7.047035563447919e-05
1995-01-26,-0.00046086381110420024
1995-01-27,9.392875954025866e-05
1995-01-30,-0.00016588837482635436
1995-01-31,0.00012085889163255113
1995-02-01,0.00039708699483393707
1995-02-02,0.00034908408561099187
1995-02-03,-0.00010860501982824549
1995-02-06,-0.00036803064897363746
1995-02-07,0.00013498388651129005
1995-02-08,-2.1823161249358102e-05
1995-02-09,2.8481455157763056e-06
1995-02-10,4.0694806625002754e-05
1995-02-13,0.00012593562421427763
1995-02-14,-3.6607646383847784e-05
1995-02-15,-6.702504609568378e-05
1995-02-16,-0.0001322582649692804
1995-02-17,-8.282879221702508e-05
1995-02-21,9.131760804939726e-05
1995-02-22,7.605723593316349e-05
1995-02-23,-9.808207620196934e-05
1995-02-24,2.8300949638699596e-05
1995-02-27,5.897631811374484e-05
1995-02-28,-9.87252432296206e-05
1995-03-01,0.00013867046205723305
1995-03-02,2.6509454610983786e-05
1995-03-03,-0.00027133854293107736
1995-03-06,4.3582958962943956e-05
1995-03-07,0.00023228884650922937
1995-03-08,-2.31389688409293e-06
1995-03-09,-0.0001778808819354597
1995-03-10,-0.000546207453902992
1995-03-13,0.00021934369598510266
1995-03-14,0.0003268865468074503
1995-03-15,-2.9558994714858663e-05
1995-03-16,0.00013976758745970383
1995-03-17,2.6438656757152886e-05
1995-03-20,-0.0001617971118483718
1995-03-21,0.00012222783947788687
1995-03-22,0.0001382784183038936
1995-03-23,-0.00019333712409201032
1995-03-24,5.9097313264309926e-05
1995-03-27,9.56776376798939e-06
1995-03-28,6.104476168629567e-05
1995-03-29,5.847573013382471e-05
1995-03-30,0.002031471877804383
1995-03-31,-0.0006712468732242699
1995-04-03,-0.0006880022913685971
1995-04-04,-0.0005990179685654016
1995-04-05,-0.00040624847486641567
1995-04-06,4.3062297225318185e-06
1995-04-07,-0.0004817671814047725
1995-04-10,0.00016619692105482797
1995-04-11,0.00031485860947398533
1995-04-12,-0.0002529702881612578
1995-04-13,9.066486192322909e-05
1995-04-17,-0.00037694815745271254
1995-04-18,0.00021093248345905257
1995-04-19,0.0003109359389330239
1995-04-20,7.963312633645948e-05
1995-04-21,-0.0003410087618498233
1995-04-24,-2.0108327000584533e-05
1995-04-25,0.0004408308595993302
1995-04-26,5.121601183694411e-05
1995-04-27,-0.00011094142903116768
1995-04-28,-4.209849721029823e-05
1995-05-01,0.00010773796098760811
1995-05-02,-3.736228927691136e-05
1995-05-03,-0.00017889228558848265
1995-05-04,-0.000211139067808855
1995-05-05,-9.852441135064684e-05
1995-05-08,-0.00012985597535177098
1995-05-09,0.0004744660967846601
1995-05-10,0.00015087995439359015
1995-05-11,-7.505781076684771e-05
1995-05-12,-3.808579944377113e-05
1995-05-15,0.00010635955561494685
1995-05-16,7.468393340143354e-05
1995-05-17,-0.0003149960573484176
1995-05-18,-2.058958004521187e-05
1995-05-19,0.00010546625654435833
1995-05-22,-8.039608964958641e-05
1995-05-23,0.00013696525183628367
1995-05-24,0.00013734797019746394
1995-05-25,-0.0002998926980485792
1995-05-26,8.830470334950636e-05
1995-05-30,7.566153515991407e-05
1995-05-31,-3.465598944371819e-05
1995-06-01,-0.00012970940268065817
1995-06-02,-0.0001915436904514554
1995-06-05,-9.796804864866518e-05
1995-06-06,0.0004150402965916262
1995-06-07,9.1060045475263e-05
1995-06-08,0.00011928700384526638
1995-06-09,-9.736715135044252e-05
1995-06-12,8.682800130850509e-05
1995-06-13,-9.715013612445164e-05
1995-06-14,-0.0002377533811892979
1995-06-15,0.00010444938264113772
1995-06-16,2.7349208659454758e-05
1995-06-19,5.704104373697525e-05
1995-06-20,-5.113444319646851e-05
1995-06-21,4.1451449106479985e-05
1995-06-22,-5.058774051973922e-05
1995-06-23,-6.483737838299101e-05
1995-06-26,-0.00012611228538496674
1995-06-27,2.8491925435379108e-05
1995-06-28,5.699904581528943e-05
1995-06-29,-0.004335131999085319
1995-06-30,0.0024383959558811476
1995-07-03,0.001347992822000464
1995-07-05,0.00018021859994521092
1995-07-06,0.00011544231032847949
1995-07-07,-0.0008952599387101537
1995-07-10,0.0006506577976435824
1995-07-11,0.0008062415255598141
1995-07-12,0.0003498794820397879
1995-07-13,-0.000249253838231328
1995-07-14,-0.00023070988596288997
1995-07-17,0.00037432298597554493
1995-07-18,0.00011172305068522711
1995-07-19,-0.00031530420946716
1995-07-20,0.00012293138561714255
1995-07-21,-0.00011215727413599991
1995-07-24,-9.374505712121481e-05
1995-07-25,-8.162566571997592e-05
1995-07-26,-7.154102852366796e-05
1995-07-27,-2.4209682855750096e-05
1995-07-28,-0.00022897148443663882
1995-07-31,-6.571428666195166e-05
1995-08-01,0.00015633723257058995
1995-08-02,0.0004254867602124116
1995-08-03,-0.00016713328133001687
1995-08-04,3.4654045295388544e-05
1995-08-07,-0.00014522707579920868
1995-08-08,-9.699969279808803e-05
1995-08-09,-7.903796840641334e-05
1995-08-10,0.00014415857706125146
1995-08-11,0.00014537149608007946
1995-08-14,2.87415507132317e-05
1995-08-15,-0.00011162057671769395
1995-08-16,2.04100951484451e-05
1995-08-17,-4.5348222002496654e-05
1995-08-18,-7.060663373128596e-05
1995-08-21,-2.048077259818876e-05
1995-08-22,-0.0001111726783403992
1995-08-23,0.00023567726996113355
1995-08-24,1.4313619641689965e-05
1995-08-25,-0.00022840426299322228
1995-08-28,-1.26899580019006e-05
1995-08-29,6.2634117659483e-05
1995-08-30,0.000119504581765104
1995-08-31,-2.884036018105321e-05
1995-09-01,-0.0001776784666473964
1995-09-05,0.00011148558330542997
1995-09-06,3.8602696506979026e-05
1995-09-07,-5.446351700484956e-05
1995-09-08,8.708610247244284e-05
1995-09-11,-0.00013611926203996918
1995-09-12,-4.6218563811780124e-05
1995-09-13,4.67932928460664e-05
1995-09-14,0.00011966559637458076
1995-09-15,-0.00013539896348376833
1995-09-18,0.00016811765092590705
1995-09-19,-0.00010825197990828111
1995-09-20,1.0460856659566694e-05
1995-09-21,-0.00010030876669437963
1995-09-22,7.676895643747523e-05
1995-09-25,2.3242085118644397e-05
1995-09-26,-5.317968775290145e-05
1995-09-27,-1.890271760407376e-05
1995-09-28,-0.0009620261023536783
1995-09-29,0.000424166530394869
1995-10-02,0.00013310873551035873
1995-10-03,0.00030298428220344037
1995-10-04,8.4863962509756e-05
1995-10-05,-0.00016033546858413927
1995-10-06,5.6142479011484224e-05
1995-10-10,0.00018540799467365936
1995-10-11,9.480153333620253e-05
1995-10-12,1.1301206769050662e-05
1995-10-13,-0.00011066654591383414
1995-10-16,-8.748513383332126e-05
1995-10-17,-1.9316834557331373e-05
1995-10-18,-3.500390670029402e-06
1995-10-19,0.0003128457479805897
1995-10-20,-7.23073423238937e-05
1995-10-23,0.00010813811539606331
1995-10-24,-1.2271174710736958e-05
1995-10-25,-0.00023250947116795913
1995-10-26,-0.00043320075462945415
1995-10-27,0.0001536206885354997
1995-10-30,0.00028223537740489405
1995-10-31,5.478536181636711e-05
1995-11-01,-0.00010981249283463173
1995-11-02,-0.0004028758665155361
1995-11-03,-5.8295885545170406e-05
1995-11-06,0.0002219788866944885
1995-11-07,0.0003183165540685375
1995-11-08,7.029852003391865e-05
1995-11-09,-0.00037414434840128257
1995-11-10,-5.847041172592855e-05
1995-11-13,0.00022214449427439005
1995-11-14,3.1785188487571466e-06
1995-11-15,-0.00017727187133786498
1995-11-16,0.0001103936362098964
1995-11-17,4.082803529966415e-05
1995-11-20,-0.00016168865191030617
1995-11-21,-0.00010065103522628113
1995-11-22,0.00019257557094719412
1995-11-24,0.00015992037195769647
1995-11-27,0.0001308216911780624
1995-11-28,-0.0001333046106210764
1995-11-29,-0.00015364508954544771
1995-11-30,7.012093661347062e-05
1995-12-01,-0.00013307987612667875
1995-12-04,5.6838281814114335e-05
1995-12-05,-0.0001323002651803533
1995-12-06,-0.00012522988749738779
1995-12-07,0.00015530402328565662
1995-12-08,0.0001761481337187693
1995-12-11,7.466548655424857e-07
1995-12-12,-0.00014015291267344642
1995-12-13,6.538736168227921e-05
1995-12-14,-5.27851392629756e-05
1995-12-15,-5.3508973815620525e-05
1995-12-18,-3.381833678419747e-05
1995-12-19,1.3762754823954563e-05
1995-12-20,-0.0003814120117146552
1995-12-21,4.917538543038969e-05
1995-12-22,0.0005825466661034247
1995-12-26,-0.00010310021662950357
1995-12-27,-0.00012068354819393291
1995-12-28,-0.0036259807738230876
1995-12-29,0.0008194084834056417
1996-01-02,0.0024666354077482614
1996-01-03,0.00046741794991806486
1996-01-04,-0.00011669001912831578
1996-01-05,-4.396646888320714e-05
1996-01-08,0.00015401537673661567
1996-01-09,8.213706979646664e-05
1996-01-10,-9.141497229099663e-05
1996-01-11,0.00012121482494772544
1996-01-12,-0.0002587512635120839
1996-01-16,-0.0001817598368481702
1996-01-17,-6.747071850255609e-05
1996-01-18,3.456377132621491e-05
1996-01-19,-3.730259947209733e-05
1996-01-22,0.00023478012931232574
1996-01-23,0.00020680101232993612
1996-01-24,3.189537224622383e-05
1996-01-25,-0.00010528873423233495
1996-01-26,2.2573062943658358e-05
1996-01-29,-0.00015034117811271651
1996-01-30,-4.220353511439591e-05
1996-01-31,-0.0002730191307663656
1996-02-01,-0.0005538514449255753
1996-02-02,0.0002532872818024719
1996-02-05,0.0003615105786575582
1996-02-06,0.0001763050655969051
1996-02-07,7.859092143935e-05
1996-02-08,1.1959588006936594e-05
1996-02-09,-4.520790882202157e-06
1996-02-12,-4.461178095229817e-06
1996-02-13,-4.903554313704088e-06
1996-02-14,-0.00011347864903809887
1996-02-15,2.2536644739065687e-05
1996-02-16,0.00016245863378420218
1996-02-20,7.935557046156219e-05
1996-02-21,0.00031518243938971694
1996-02-22,-0.00040576451364581054
1996-02-23,-0.0003001156620009229
1996-02-26,0.00011049559611439918
1996-02-27,7.908829990106675e-05
1996-02-28,0.00010983451586851642
1996-02-29,-3.620578275060993e-05
1996-03-01,-6.633407245475542e-05
1996-03-04,0.0003064160396006017
1996-03-05,0.00011033291449522407
1996-03-06,-0.00025150175196416536
1996-03-07,-0.00027251978823500346
1996-03-08,-0.000146237867079639
1996-03-11,0.0002744919433889916
1996-03-12,-9.674827597580107e-05
1996-03-13,1.150584283851459e-05
1996-03-14,0.00015122830921948882
1996-03-15,-0.00011922132547607735
1996-03-18,0.00021098393812432473
1996-03-19,-0.0002735479314481225
1996-03-20,-0.0002473392902847063
1996-03-21,4.008715929744424e-05
1996-03-22,-4.7028976175434585e-05
1996-03-25,6.497553050729733e-06
1996-03-26,-7.290316301903886e-05
1996-03-27,-2.3119129344296836e-05
1996-03-28,-0.0011192005677891483
1996-03-29,0.0005520660323963587
1996-04-01,0.0006468125297429628
1996-04-02,-4.4120142002048417e-05
1996-04-03,5.377508120842411e-05
1996-04-04,2.3095735808781417e-06
1996-04-05,-4.123389669028177e-06
1996-04-08,0.0005583254345449494
1996-04-09,-5.931175016483806e-05
1996-04-10,-0.0005088882136220942
1996-04-11,-6.703321142684151e-05
1996-04-12,0.00015017028004217107
1996-04-15,-0.00021609847793325712
1996-04-16,-0.00010470960521378453
1996-04-17,0.00014866864296082363
1996-04-18,6.629933946097959e-05
1996-04-19,9.437426084185848e-05
1996-04-22,-0.00012300893465497025
1996-04-23,-4.0096228278260285e-05
1996-04-24,5.5158900168597956e-05
1996-04-25,8.112628643490023e-07
1996-04-26,-3.7390534528021546e-06
1996-04-29,-3.7508338284252872e-06
1996-04-30,-3.648937374248272e-06
1996-05-01,8.969681800991851e-05
1996-05-02,-0.00012181440821730333
1996-05-03,0.00014288561257443075
1996-05-06,-8.826128324993895e-05
1996-05-07,-0.00019089367815374952
1996-05-08,7.542081803962907e-05
1996-05-09,6.408651022685649e-05
1996-05-10,-1.409525231703213e-06
1996-05-13,-6.73544182341081e-06
1996-05-14,-7.568535662420808e-06
1996-05-15,-5.622014498656505e-06
1996-05-16,-4.122002091500724e-06
1996-05-17,-3.6075817366237134e-06
1996-05-20,-4.5362516895736485e-06
1996-05-21,-9.679697441783108e-05
1996-05-22,0.00011100597510446129
1996-05-23,3.718873050046476e-05
1996-05-24,-6.314512283636046e-05
1996-05-28,-1.0501307521053701e-05
1996-05-29,-4.724386948988097e-06
1996-05-30,-4.902481176223179e-06
1996-05-31,-0.00026137653699348176
1996-06-03,8.38767573412517e-05
1996-06-04,-0.00011368854901387268
1996-06-05,-5.43097598719992e-05
1996-06-06,3.87038522616347e-05
1996-06-07,-3.076080925613881e-05
1996-06-10,1.0250086701739787e-06
1996-06-11,2.237431018003293e-05
1996-06-12,-3.816368762874726e-05
1996-06-13,-9.521736576761436e-07
1996-06-14,2.465206886789658e-05
1996-06-17,4.592544928260068e-05
1996-06-18,3.39936044317185e-05
1996-06-19,-4.444843228516851e-05
1996-06-20,2.1706672607278872e-06
1996-06-21,0.00034572731190142574
1996-06-24,-0.0001465957399941685
1996-06-25,-0.0002367819038060249
1996-06-26,-0.00018728545764955023
1996-06-27,0.002232082824136658
1996-06-28,-0.000404549527731635
1996-07-01,-0.0020701813109109974
1996-07-02,-9.375783697876394e-05
1996-07-03,0.001002831944543785
1996-07-05,-0.00045679406539323125
1996-07-08,0.0010944291988737266
1996-07-09,-6.120273368267343e-05
1996-07-10,-0.000776616221286602
1996-07-11,-0.0007044398879821861
1996-07-12,-0.00028960676070907915
1996-07-15,0.00024080971365258644
1996-07-16,0.0003888203389271241
1996-07-17,-0.0003762354891151918
1996-07-18,0.00010991080190760511
1996-07-19,-0.0004640444396595711
1996-07-22,0.0003794136633493581
1996-07-23,0.0003096245331380758
1996-07-24,0.00018510752338983936
1996-07-25,-0.000313904839491693
1996-07-26,0.00018762818792085646
1996-07-29,-6.6270751695476e-05
1996-07-30,0.0002952417497168094
1996-07-31,-0.0001790335556499393
1996-08-01,-0.00046854876762541197
1996-08-02,-0.0007882106485093237
1996-08-05,-0.0004447084915981366
1996-08-06,0.000522795453136248
1996-08-07,0.0008993625445770802
1996-08-08,0.00016411627518388356
1996-08-09,-0.00018042872226182297
1996-08-12,-0.00010887554769271009
1996-08-13,0.00010889159982965967
1996-08-14,0.00031312485774961024
1996-08-15,3.399510510513433e-06
1996-08-16,-0.00010857869929361377
1996-08-19,-0.00018409473909279417
1996-08-20,1.6014717209603054e-05
1996-08-21,-5.255213923332224e-05
1996-08-22,-5.5122852805864004e-05
1996-08-23,7.141426900253348e-05
1996-08-26,0.00020316250650455857
1996-08-27,0.000132793041610787
1996-08-28,-0.00018090414696106359
1996-08-29,-0.00018967421166867104
1996-08-30,0.0002483653095877602
1996-09-03,0.00016626768726492932
1996-09-04,0.0003188030357228211
1996-09-05,-0.0003218519884664303
1996-09-06,-0.00020685475392758645
1996-09-09,-0.00016735099120233457
1996-09-10,-7.669355426470738e-05
1996-09-11,7.382865098138207e-05
1996-09-12,4.845540238170898e-05
1996-09-13,-0.00013953612257996793
1996-09-16,1.372265278392647e-05
1996-09-17,0.00019808141767149585
1996-09-18,1.2604089759205619e-05
1996-09-19,-2.6355123732897498e-05
1996-09-20,-9.78305652822314e-05
1996-09-23,0.0001541876879384975
1996-09-24,2.0637327518935854e-05
1996-09-25,-0.00024231739435949778
1996-09-26,3.418914898448231e-05
1996-09-27,0.0016303713664567144
1996-09-30,-0.00018201258050910742
1996-10-01,-0.0007567013927771815
1996-10-02,-0.0005589474579766067
1996-10-03,-0.00020570584457871782
1996-10-04,0.00013725193097640845
1996-10-07,-0.0004513180043733949
1996-10-08,0.00025507818787308834
1996-10-09,0.0002517850028541309
1996-10-10,0.00017992483214610198
1996-10-11,8.440859299352471e-05
1996-10-14,-0.0003763689088942879
1996-10-15,-6.64642908414595e-05
1996-10-16,0.00011907723138881646
1996-10-17,9.154320842559886e-05
1996-10-18,-0.00015533655412340315
1996-10-21,1.9764512044614306e-05
1996-10-22,0.00015453321915096272
1996-10-23,0.00011645399015542945
1996-10-24,-0.00012766554803055969
1996-10-25,-6.220694034727708e-05
1996-10-28,-7.036594625087508e-05
1996-10-29,0.00011255911321071171
1996-10-30,-0.00027785722686731276
1996-10-31,2.473664055569955e-05
1996-11-01,5.180889282609748e-05
1996-11-04,0.00011728800267904606
1996-11-05,3.624585259847088e-05
1996-11-06,-5.354205334212825e-05
1996-11-07,5.086129304318024e-06
1996-11-08,3.570493261745798e-05
1996-11-12,2.3007180684442196e-05
1996-11-13,-8.305596224387976e-05
1996-11-14,8.727029409216266e-05
1996-11-15,-0.00022044647420355404
1996-11-18,0.00019058685740444824
1996-11-19,-0.00015564712842216187
1996-11-20,-2.1533066448208168e-05
1996-11-21,2.5472688144828043e-05
1996-11-22,-5.574993874557314e-07
1996-11-25,8.414503477678703e-06
1996-11-26,9.266789500246038e-06
1996-11-27,9.743318093452856e-05
1996-11-29,9.57542663937745e-05
1996-12-02,-2.3783951491729928e-05
1996-12-03,0.00020721903465795673
1996-12-04,-0.00022599711913659019
1996-12-05,-7.763338407829726e-05
1996-12-06,0.00016055173496981476
1996-12-09,-0.00011494141788347676
1996-12-10,-1.6599428694095435e-05
1996-12-11,-0.00012503291651412267
1996-12-12,0.00010597857603344559
1996-12-13,7.370492696314021e-05
1996-12-16,0.00013415330070849134
1996-12-17,1.4580858843443506e-05
1996-12-18,-1.1148196224009538e-06
1996-12-19,-2.3212631997005843e-05
1996-12-20,-3.1454925749800474e-05
1996-12-23,-0.00010916164995239722
1996-12-24,-6.805257083148686e-05
1996-12-26,-0.00015110945041473003
1996-12-27,-0.0001308766105570467
1996-12-30,-0.0002738321280980148
1996-12-31,-9.981669514620028e-05
1997-01-02,-0.00011849361401418502
1997-01-03,-1.1459016266707389e-05
1997-01-06,-5.9271504776239954e-05
1997-01-07,-8.828542115565756e-05
1997-01-08,-0.0001129529626190916
1997-01-09,-8.587046853883067e-05
1997-01-10,-0.00018653209473196494
1997-01-13,0.0002652685477002688
1997-01-14,-0.00010168576594029854
1997-01-15,-0.00036427460512053613
1997-01-16,-1.1128115427524858e-06
1997-01-17,5.619751285031604e-05
1997-01-20,-0.00014662712737311952
1997-01-21,3.986532874317076e-05
1997-01-22,-0.00011899391652443452
1997-01-23,-4.441435086132412e-06
1997-01-24,-4.372563202554294e-06
1997-01-27,4.5723215940985466e-05
1997-01-28,-7.783028818019545e-05
1997-01-29,-0.0002585032781177969
1997-01-30,-4.492060792499525e-05
1997-01-31,-0.00014555516584347004
1997-02-03,5.428622037090879e-06
1997-02-04,-8.45044411044813e-05
1997-02-05,0.00011212271774915118
1997-02-06,-0.00022066082007853033
1997-02-07,1.765167488116854e-05
1997-02-10,-0.0002240070030438916
1997-02-11,1.5886933465675786e-05
1997-02-12,3.0159996557903917e-05
1997-02-13,1.5025116450153715e-05
1997-02-14,-4.8215241083196695e-06
1997-02-18,-6.99582926440307e-05
1997-02-19,2.366097910671186e-06
1997-02-20,-3.0248545413052842e-05
1997-02-21,8.029764698152686e-05
1997-02-24,-0.0002892016900927269
1997-02-25,-0.00020922509849377488
1997-02-26,0.00012442994409237883
1997-02-27,9.45826628469147e-05
1997-02-28,-5.528165144648284e-05
1997-03-03,-1.5207518359467334e-05
1997-03-04,-5.641432612444485e-06
1997-03-05,-0.00017748014614994462
1997-03-06,-7.975767233439581e-05
1997-03-07,7.719967496871839e-05
1997-03-10,-0.0001277494227409059
1997-03-11,9.736671030361552e-05
1997-03-12,-6.459254371933017e-05
1997-03-13,0.00010708194028846357
1997-03-14,-9.907712162920401e-05
1997-03-17,-0.00012619137736488806
1997-03-18,0.00010422817835189423
1997-03-19,-9.762110687523893e-05
1997-03-20,6.756148972076015e-05
1997-03-21,-5.164913055906595e-06
1997-03-24,-5.385302455780524e-06
1997-03-25,-1.0626729536324835e-05
1997-03-26,2.0964096845378557e-05
1997-03-27,-0.00012165091841298763
1997-03-31,-0.00015641455250569672
1997-04-01,-0.0006187274736499786
1997-04-02,-4.8989051812499855e-06
1997-04-03,-3.860519778960838e-06
1997-04-04,-5.081727938247605e-06
1997-04-07,-5.696606176029934e-06
1997-04-08,-0.00041278358210883207
1997-04-09,-6.084929615473618e-06
1997-04-10,-5.261862795587149e-06
1997-04-11,-0.00033162067396170624
1997-04-14,7.963828069938782e-07
1997-04-15,-0.0003869106181452304
1997-04-16,-0.0005327703225802093
1997-04-17,-0.00024137753986855397
1997-04-18,-0.0003572563801381376
1997-04-21,-0.00016045709589833243
1997-04-22,-0.00011118722553590617
1997-04-23,-0.00010564116984933405
1997-04-24,-0.00010217036908577597
1997-04-25,0.00013151770322493924
1997-04-28,-8.439234618719232e-05
1997-04-29,-2.726436966935784e-05
1997-04-30,-0.0007125724514357013
1997-05-01,0.0003313783936607383
1997-05-02,-0.00016539336098751628
1997-05-05,-1.9683196264552727e-06
1997-05-06,-9.747249359078122e-05
1997-05-07,5.349068875484892e-05
1997-05-08,4.790406076841291e-05
1997-05-09,-4.592203335535046e-05
1997-05-12,-0.0006450733889757252
1997-05-13,-0.00012903517897244824
1997-05-14,0.0003015763687835586
1997-05-15,-0.0002865688187392508
1997-05-16,-0.00012911612502321032
1997-05-19,8.557891972340967e-05
1997-05-20,-5.566497531709717e-06
1997-05-21,-0.0009023349037135871
1997-05-22,2.1224594733114453e-05
1997-05-23,-8.814714744953642e-05
1997-05-27,6.133909532332674e-05
1997-05-28,2.7690166154943866e-05
1997-05-29,-5.944812670128508e-05
1997-05-30,-2.9151999208109905e-05
1997-06-02,2.3998328112123547e-05
1997-06-03,-0.00011844616021896408
1997-06-04,-4.502264755591494e-05
1997-06-05,-5.19692549491533e-05
1997-06-06,-7.782735326829894e-05
1997-06-09,-6.136620655028681e-05
1997-06-10,-1.4504514498449922e-05
1997-06-11,-3.429205492561965e-05
1997-06-12,-3.76668417152293e-05
1997-06-13,-4.780800736500345e-06
1997-06-16,3.18366217830571e-05
1997-06-17,2.2744705109582217e-05
1997-06-18,0.00010037713809604509
1997-06-19,-8.950073561927417e-05
1997-06-20,-1.811415195704029e-05
1997-06-23,-0.00012566403102672903
1997-06-24,-6.610556550767265e-05
1997-06-25,-8.357095202835517e-05
1997-06-26,-6.0195569215533e-05
1997-06-27,0.0009525081650075904
1997-06-30,-0.00021581238857975568
1997-07-01,0.0001832341987714792
1997-07-02,-0.00019636329180419075
1997-07-03,-0.00024080024101638033
1997-07-07,-0.0004232246293351989
1997-07-08,3.4699025275787635e-05
1997-07-09,-4.142933993789887e-05
1997-07-10,7.123098452759532e-05
1997-07-11,-1.962415747878843e-05
1997-07-14,1.5532992254402577e-06
1997-07-15,-3.20553564551918e-05
1997-07-16,2.1420140727263052e-05
1997-07-17,-0.00011976806579970615
1997-07-18,1.558946838159494e-05
1997-07-21,-1.2560006810762374e-05
1997-07-22,-1.461110943075839e-08
1997-07-23,-9.844924050258075e-05
1997-07-24,-0.00010437283123375869
1997-07-25,-9.326867756146688e-06
1997-07-28,-3.898888674331688e-06
1997-07-29,7.963455483085815e-06
1997-07-30,9.583193491619016e-06
1997-07-31,1.8543780746842833e-06
1997-08-01,4.154497991844937e-06
1997-08-04,9.862390098564782e-05
1997-08-05,9.530112097479473e-05
1997-08-06,-2.0037506387386814e-06
1997-08-07,-4.9826453637191105e-06
1997-08-08,-9.89682586657837e-06
1997-08-11,-9.563507540787211e-06
1997-08-12,-1.2145292709980077e-06
1997-08-13,-5.285997014030408e-06
1997-08-14,-0.00010235004437004022
1997-08-15,-0.00011140904596600966
1997-08-18,-6.350954765116115e-06
1997-08-19,-9.388168662272807e-06
1997-08-20,9.946596975059073e-05
1997-08-21,-0.00011429234211699918
1997-08-22,-1.4389827677718945e-05
1997-08-25,-1.79772058153149e-05
1997-08-26,-2.789324430635048e-06
1997-08-27,-5.061826732642946e-07
1997-08-28,-4.467317253489066e-07
1997-08-29,-9.753819746730936e-06
1997-09-02,6.808162186898406e-06
1997-09-03,4.2974995779152046e-05
1997-09-04,-3.686985614979526e-06
1997-09-05,-5.468392064624704e-05
1997-09-08,4.914252385628951e-05
1997-09-09,-5.730199616661052e-05
1997-09-10,5.784386526221707e-05
1997-09-11,-1.3398558244005934e-05
1997-09-12,-4.8926744730161e-05
1997-09-15,5.2214725607830235e-05
1997-09-16,-8.963856492756786e-06
1997-09-17,-3.169908428393084e-05
1997-09-18,6.743858512421015e-07
1997-09-19,-4.728707547026081e-06
1997-09-22,-4.938338555638068e-06
1997-09-23,-5.066466732448434e-05
1997-09-24,3.899733844836965e-05
1997-09-25,-5.6241965646486444e-05
1997-09-26,5.297616862593342e-05
1997-09-29,0.000932214533471209
1997-09-30,-7.895154960428565e-05
1997-10-01,-4.389317764047454e-05
1997-10-02,-0.00028221334311073006
1997-10-03,-4.276466563225347e-05
1997-10-06,-0.0004248706024793605
1997-10-07,2.597974293172008e-05
1997-10-08,-0.00015033168011794896
1997-10-09,0.00034500688565166336
1997-10-10,4.016130115745502e-05
1997-10-14,0.000289805470392478
1997-10-15,-0.00019115428173093203
1997-10-16,0.00011362625561058767
1997-10-17,-7.094441243483172e-05
1997-10-20,0.00020126433139836352
1997-10-21,2.1201895727770177e-05
1997-10-22,8.855185171128966e-05
1997-10-23,-0.000180840965409422
1997-10-24,-0.0005252178228808977
1997-10-27,-0.00013334096752952825
1997-10-28,-0.0003960490941451213
1997-10-29,0.00012221637505083335
1997-10-30,-0.00010077083088424936
1997-10-31,-0.00019290679304933726
1997-11-03,-1.4974896746199333e-06
1997-11-04,0.00021453513711448
1997-11-05,-3.269856616657656e-05
1997-11-06,2.643223722970026e-05
1997-11-07,-3.54426363245603e-05
1997-11-10,0.000161637310777178
1997-11-12,0.00027502173338854745
1997-11-13,-0.00022288881603124792
1997-11-14,-0.0001915966956435234
1997-11-17,5.0604611103424766e-05
1997-11-18,-4.121094797830872e-05
1997-11-19,-4.545413608542474e-05
1997-11-20,-4.101814321334125e-05
1997-11-21,6.248062717609811e-05
1997-11-24,-0.00017234006238652487
1997-11-25,0.0002001749552688848
1997-11-26,-5.803148663576127e-05
1997-11-28,6.695499178553838e-05
1997-12-01,4.7351117903783424e-05
1997-12-02,-2.6203745151487368e-06
1997-12-03,-6.817684873910777e-05
1997-12-04,-7.489737018780509e-05
1997-12-05,-0.00016606825098342627
1997-12-08,-6.536215509041064e-05
1997-12-09,-8.989326353958759e-05
1997-12-10,-0.00012607540379498135
1997-12-11,-0.0002686311387391898
1997-12-12,-4.994038295757943e-06
1997-12-15,-5.203649076888973e-06
1997-12-16,-5.203988301769411e-06
1997-12-17,-4.889518511331975e-06
1997-12-18,9.554154332847822e-05
1997-12-19,8.87455841561257e-05
1997-12-22,-5.522663764111052e-06
1997-12-23,0.00011537893878738373
1997-12-24,-4.315163829554406e-05
1997-12-26,-1.805221108776556e-05
1997-12-29,-0.0005114924324885013
1997-12-30,0.0005184321151727921
1997-12-31,6.234871391730905e-05
1998-01-02,-0.00020772007108812033
1998-01-05,-0.00027489291563518263
1998-01-06,-0.000248236393814318
1998-01-07,-8.622155300529742e-05
1998-01-08,-3.3361943902187614e-05
1998-01-09,-0.00043904314265544563
1998-01-12,-0.0008592723235095895
1998-01-13,0.0005163845396427003
1998-01-14,0.0004718641034801388
1998-01-15,5.0185813205838315e-05
1998-01-16,-0.00015206001940606576
1998-01-20,0.00024063784666608103
1998-01-21,1.3022832030531805e-05
1998-01-22,-0.00013849153211598373
1998-01-23,-0.0002180705716431895
1998-01-26,0.00034686551264864507
1998-01-27,4.5652706278730625e-05
1998-01-28,0.00022157401680866323
1998-01-29,-3.7128128065958636e-05
1998-01-30,-7.57069655309693e-05
1998-02-02,0.00012132495731513785
1998-02-03,0.00013801469843334962
1998-02-04,-2.4082141821488395e-05
1998-02-05,0.00012011903668736302
1998-02-06,2.7823261235369363e-06
1998-02-09,0.00010987527727032264
1998-02-10,-5.295818461836414e-06
1998-02-11,-4.764044689058426e-06
1998-02-12,1.2170264304690547e-07
1998-02-13,1.3878252999111971e-05
1998-02-17,-2.9658511277805642e-05
1998-02-18,-1.4340154538749402e-05
1998-02-19,-2.7265705011634647e-05
1998-02-20,-1.4005131979718613e-05
1998-02-23,-1.965953880344651e-05
1998-02-24,-2.16694140482339e-05
1998-02-25,-1.8838776877717818e-05
1998-02-26,-6.399349207753066e-06
1998-02-27,9.675769170125969e-05
1998-03-02,-1.3475261816296611e-05
1998-03-03,-1.4808298687293131e-05
1998-03-04,-6.393559236341363e-05
1998-03-05,-5.096620085053078e-05
1998-03-06,-6.664160023504453e-06
1998-03-09,-2.397785443016274e-07
1998-03-10,-6.462549351032044e-05
1998-03-11,3.3778485040682343e-06
1998-03-12,1.3150961273137948e-07
1998-03-13,4.119587447501181e-06
1998-03-16,-1.67461526335348e-06
1998-03-17,4.814363814330311e-05
1998-03-18,-1.3094345954426856e-06
1998-03-19,-5.101997027702036e-05
1998-03-20,-5.741425098860699e-05
1998-03-23,-4.6024354096461854e-05
1998-03-24,-4.435296908934556e-05
1998-03-25,0.00020377779358123858
1998-03-26,-6.830772660080842e-06
1998-03-27,0.00019044434441045546
1998-03-30,0.00017175733230850114
1998-03-31,-1.6971678942724616e-05
1998-04-01,-0.00013564185437515508
1998-04-02,-0.00010397988298235066
1998-04-03,-0.00011185132526878791
1998-04-06,-0.00037740433118398884
1998-04-07,0.00010126111014944781
1998-04-08,9.847539783913363e-05
1998-04-09,1.0117541248115444e-05
1998-04-13,-2.9096759428505508e-05
1998-04-14,0.00020408966126699382
1998-04-15,-0.00010835114799238613
1998-04-16,0.00012644424339966584
1998-04-17,-3.8893101175540976e-05
1998-04-20,1.5864477852374965e-05
1998-04-21,-9.46997784136059e-06
1998-04-22,7.2373003209071634e-06
1998-04-23,-2.2845371505425224e-05
1998-04-24,1.4211328926810585e-05
1998-04-27,-1.494829666126938e-05
1998-04-28,0.000390031103538446
1998-04-29,-0.0002224634913392792
1998-04-30,-2.4927242601190005e-05
1998-05-01,-0.000333347426594684
1998-05-04,3.816599308815191e-05
1998-05-05,-7.176383417253281e-06
1998-05-06,0.00012037171432989087
1998-05-07,-0.00015740504119678904
1998-05-08,3.9645725990806044e-05
1998-05-11,-2.8470294710967585e-05
1998-05-12,0.0001357485422820214
1998-05-13,-0.00022996964653167732
1998-05-14,1.1406823984610515e-05
1998-05-15,0.00018136090382283394
1998-05-18,2.1412733928864383e-05
1998-05-19,-0.00012681209096357634
1998-05-20,-0.00021309926819595783
1998-05-21,1.670642416738588e-05
1998-05-22,4.3070172436129965e-06
1998-05-26,-1.1996521172239598e-05
1998-05-27,-1.6213193011298203e-05
1998-05-28,-0.00011776768169116501
1998-05-29,0.00011681490512646134
1998-06-01,-7.10908546192366e-06
1998-06-02,-2.4095766214843115e-05
1998-06-03,-7.839360181653672e-06
1998-06-04,-1.8864756660608188e-05
1998-06-05,-1.2559426436581022e-05
1998-06-08,-9.839101307703148e-05
1998-06-09,-1.908066354635648e-05
1998-06-10,-6.646911650103358e-05
1998-06-11,3.594216834018379e-05
1998-06-12,2.464067104843277e-06
1998-06-15,9.698190338283474e-05
1998-06-16,8.463095253241717e-05
1998-06-17,-5.887363802365904e-06
1998-06-18,-9.779786957777048e-05
1998-06-19,-2.932512159896015e-05
1998-06-22,1.8101431963618454e-05
1998-06-23,1.2467643910897504e-05
1998-06-24,-7.04523084279047e-05
1998-06-25,-3.9164840844836995e-05
1998-06-26,0.00011829908246208443
1998-06-29,0.00021827897756782554
1998-06-30,-4.46721091466823e-05
1998-07-01,-4.3497288637654604e-05
1998-07-02,-0.00012791206513930502
1998-07-06,1.1628345460295872e-05
1998-07-07,-8.845893023513438e-05
1998-07-08,7.341566882295652e-05
1998-07-09,-0.00014541260294002872
1998-07-10,7.603933065523335e-05
1998-07-13,-3.103106261427128e-05
1998-07-14,-1.4186548350453104e-05
1998-07-15,-1.3050460137369947e-05
1998-07-16,-2.2575287129469486e-05
1998-07-17,-1.2644992598645187e-05
1998-07-20,-6.477865234079756e-06
1998-07-21,-2.071945576975294e-05
1998-07-22,-1.002066423910354e-05
1998-07-23,-8.733584813993985e-06
1998-07-24,-7.038253342396072e-06
1998-07-27,-8.15833821881713e-06
1998-07-28,-6.311327333266078e-06
1998-07-29,-8.352068363283336e-06
1998-07-30,-7.417810480958228e-06
1998-07-31,-8.8545979894549e-06
1998-08-03,-7.657820961625627e-06
1998-08-04,8.787167813198518e-05
1998-08-05,-0.00011637165990432
1998-08-06,-0.00012214644622921184
1998-08-07,1.2431137602140325e-08
1998-08-10,9.705042748520774e-06
1998-08-11,1.0123106283154632e-05
1998-08-12,-0.00011955181269678887
1998-08-13,7.17449696106703e-05
1998-08-14,-9.840862228980828e-06
1998-08-17,7.74960730432508e-06
1998-08-18,-0.00010541611988914467
1998-08-19,8.752782541950788e-05
1998-08-20,1.1387765445603187e-06
1998-08-21,-6.945370706120979e-06
1998-08-24,-2.6022425562218395e-05
1998-08-25,-1.7209717682919706e-05
1998-08-26,1.3151875754076245e-06
1998-08-27,-1.0041856615595383e-05
1998-08-28,-0.00020610914918659442
1998-08-31,1.0831739301061632e-05
1998-09-01,-7.902426777944056e-06
1998-09-02,-3.58473692624814e-05
1998-09-03,2.528692569823347e-05
1998-09-04,-2.7640278837612118e-05
1998-09-08,-9.565284351752487e-05
1998-09-09,0.0001359104387173977
1998-09-10,-0.00020795555114529695
1998-09-11,-0.00022682938513428577
1998-09-14,0.0001927662841305096
1998-09-15,0.0001855517326936187
1998-09-16,9.264193490362653e-05
1998-09-17,-4.854787884469661e-05
1998-09-18,6.996714026753431e-05
1998-09-21,3.339141136724424e-05
1998-09-22,-6.094840437722786e-05
1998-09-23,3.7892194987447476e-05
1998-09-24,-0.00019359314283277812
1998-09-25,-8.408676499218538e-05
1998-09-28,-1.7905154096835497e-05
1998-09-29,-0.004371349185678297
1998-09-30,0.0011018686766953011
1998-10-01,-0.0003792024072641439
1998-10-02,-0.00046196374495400513
1998-10-05,-0.00025519822501205694
1998-10-06,-0.0004746572223481483
1998-10-07,0.0006852873507977947
1998-10-08,0.00016622474730427952
1998-10-09,-0.0005572617446601817
1998-10-13,-0.0004984468862353872
1998-10-14,0.0005605402861729911
1998-10-15,0.0006907603320567018
1998-10-16,0.0005796107002704286
1998-10-19,-0.0024866975423961705
1998-10-20,0.00012411557308170877
1998-10-21,0.0005863796419075793
1998-10-22,0.0007071044250534852
1998-10-23,-2.9030546672477995e-05
1998-10-26,-4.4148929182605815e-05
1998-10-27,0.0005032326754791156
1998-10-28,-0.0003656747613646298
1998-10-29,0.00035753359051515624
1998-10-30,-0.00014754355740881432
1998-11-02,0.00015467946752083952
1998-11-03,0.0007887235581787424
1998-11-04,2.7758224412670427e-05
1998-11-05,0.00027279676370533927
1998-11-06,-0.00020671697727255695
1998-11-09,0.00017737601026236548
1998-11-10,-0.0001520430147792794
1998-11-12,-0.0001374386575879662
1998-11-13,7.475631107595135e-05
1998-11-16,0.00025307782534805047
1998-11-17,-9.182610064696335e-05
1998-11-18,-0.0005976892306964897
1998-11-19,0.0002323773699580846
1998-11-20,-5.402037240492808e-06
1998-11-23,0.00014136858431455584
1998-11-24,7.239824374935895e-05
1998-11-25,6.513753555872668e-05
1998-11-27,2.8027162772377412e-05
1998-11-30,7.487626673846983e-05
1998-12-01,0.0001546383027507924
1998-12-02,-0.00012819134912007835
1998-12-03,-0.00011177483455581535
1998-12-04,-0.0001409261172464387
1998-12-07,8.813214164024791e-05
1998-12-08,0.00013437280208535973
1998-12-09,-0.0001753022843518453
1998-12-10,0.0001479016294240748
1998-12-11,0.00012361042487888592
1998-12-14,0.00030428932074036245
1998-12-15,6.757494077438183e-05
1998-12-16,6.599129582283335e-05
1998-12-17,-8.105485178787637e-05
1998-12-18,0.00013162640841637806
1998-12-21,4.1248464984380815e-05
1998-12-22,-6.117569514496347e-05
1998-12-23,-5.381823968430944e-05
1998-12-24,4.051552652913869e-06
1998-12-28,-0.0001724936117960338
1998-12-29,-0.00012292941157564648
1998-12-30,-0.0005631531482307773
1998-12-31,0.00012712608325730868
1999-01-04,0.00010214561121819562
1999-01-05,4.201326711132064e-05
1999-01-06,0.00013869951381955287
1999-01-07,6.637741266459385e-05
1999-01-08,-0.00010815784891348596
1999-01-11,0.0002780468186845426
1999-01-12,0.00013393672529780792
1999-01-13,-0.00014185343026200406
1999-01-14,-8.955288856847264e-05
1999-01-15,-0.00041000576948344215
1999-01-19,0.00030584168539177095
1999-01-20,0.00015561932467195448
1999-01-21,0.00021578259234528272
1999-01-22,-0.0001900573822905981
1999-01-25,-0.00014281430847419872
1999-01-26,0.00016846382368992824
1999-01-27,4.559648040220699e-05
1999-01-28,3.743760176699757e-05
1999-01-29,6.626552544809418e-05
1999-02-01,-3.560282304369129e-05
1999-02-02,0.00012077506890036898
1999-02-03,0.00012735877686480406
1999-02-04,-0.00012897129374930837
1999-02-05,9.729104515664597e-05
1999-02-08,-1.5351421835330314e-05
1999-02-09,-4.870244363226788e-07
1999-02-10,-9.924055192047236e-05
1999-02-11,0.00011030291986334435
1999-02-12,-4.744092958378551e-06
1999-02-16,0.00010342751445059257
1999-02-17,-0.00011464066883559298
1999-02-18,-9.167849676688304e-07
1999-02-19,1.915965790551774e-05
1999-02-22,1.837694600633089e-05
1999-02-23,0.00010769896514243903
1999-02-24,-0.0001669673188792853
1999-02-25,9.59536582225629e-05
1999-02-26,-1.6442892092481127e-05
1999-03-01,-4.026337187792853e-06
1999-03-02,0.000100728107131014
1999-03-03,-0.00014048820013310518
1999-03-04,-0.00012439745744764616
1999-03-05,-4.0968424133465516e-05
1999-03-08,0.0001325184895205673
1999-03-09,6.089502271594981e-05
1999-03-10,3.0256124392961223e-05
1999-03-11,-4.400158566457253e-05
1999-03-12,-2.1327016484244523e-05
1999-03-15,2.1465845731713362e-05
1999-03-16,7.303957754904107e-05
1999-03-17,-1.1120924799758629e-05
1999-03-18,-7.771071976803326e-05
1999-03-19,-4.5924276766117805e-05
1999-03-22,1.7811307329102864e-05
1999-03-23,7.8341896377857e-05
1999-03-24,9.750549336576424e-05
1999-03-25,1.8358761199395877e-05
1999-03-26,6.7501721289514915e-06
1999-03-29,7.973396793097802e-05
1999-03-30,-8.08889380340165e-05
1999-03-31,-0.00012037278216856094
1999-04-01,0.00010188205672577018
1999-04-02,-1.9759712853968303e-05
1999-04-05,-0.00012551838213394788
1999-04-06,-4.978759829156644e-06
1999-04-07,-0.00012283620557069274
1999-04-08,1.4628682080615895e-05
1999-04-09,-8.651924145123345e-05
1999-04-12,-9.615644509175321e-05
1999-04-13,3.112032099691984e-06
1999-04-14,2.4745982747178895e-06
1999-04-15,0.00011858241162418219
1999-04-16,-2.5225199763331314e-05
1999-04-19,7.306260457656498e-05
1999-04-20,-3.7661263031490974e-05
1999-04-21,-0.00012126153913710757
1999-04-22,1.3416032006831391e-05
1999-04-23,0.00010457526299199923
1999-04-26,-0.00012504394251774113
1999-04-27,-1.3634511798833916e-06
1999-04-28,-7.526253288185568e-06
1999-04-29,-1.4431184274630566e-05
1999-04-30,-9.183068308253531e-05
1999-05-03,0.00023237770616798352
1999-05-04,-3.9416001463230365e-05
1999-05-05,-3.825519493838511e-05
1999-05-06,-1.0265814471877234e-07
1999-05-07,8.658460365216128e-05
1999-05-10,-1.6259258825078863e-05
1999-05-11,-1.1111201848385846e-05
1999-05-12,-6.887403950949083e-06
1999-05-13,-3.443719479795462e-05
1999-05-14,-0.00021465456677389
1999-05-17,0.00047444631793053466
1999-05-18,-4.8778827002144554e-05
1999-05-19,-0.00017600325088637397
1999-05-20,-0.0002230852714093913
1999-05-21,4.5840518997151524e-06
1999-05-24,-7.314680450191468e-05
1999-05-25,4.886865788409442e-05
1999-05-26,0.0001252003110102108
1999-05-27,-7.46020418618382e-05
1999-05-28,0.0002115596209634152
1999-06-01,-2.9505688347825757e-05
1999-06-02,0.0001982187087431119
1999-06-03,-0.00035544176003710987
1999-06-04,-0.00010671209134213961
1999-06-07,-0.00012193473000661198
1999-06-08,-1.2423874312721817e-05
1999-06-09,6.098296142593843e-07
1999-06-10,2.878385921740879e-06
1999-06-11,9.899794920846008e-05
1999-06-14,2.568143545250639e-05
1999-06-15,-4.973486281107053e-05
1999-06-16,-0.00016200184645840385
1999-06-17,-8.320027785113047e-05
1999-06-18,-2.655746799580402e-05
1999-06-21,0.0001120464861495538
1999-06-22,2.7839067160937445e-06
1999-06-23,-2.5267840592777968e-05
1999-06-24,-1.9582840735236695e-05
1999-06-25,5.85069461499198e-05
1999-06-28,0.00028704436153108726
1999-06-29,0.004437186880261434
1999-06-30,-0.0009233453397671915
1999-07-01,-0.0014265287127689136
1999-07-02,-0.00045923937968373786
1999-07-06,-0.0005955408144808135
1999-07-07,0.00024821736279940707
1999-07-08,9.540903602549073e-05
1999-07-09,-0.00036475540270365485
1999-07-12,-0.00036781112597695695
1999-07-13,-0.0001078265411965012
1999-07-14,-0.0002676594923026198
1999-07-15,-0.00026851648297479867
1999-07-16,-0.00017899158527899016
1999-07-19,-7.806378492002461e-05
1999-07-20,-0.0002588329894628546
1999-07-21,-0.00028819076080591763
1999-07-22,-9.270850130548627e-05
1999-07-23,0.0006023733109500852
1999-07-26,-0.00011945909476767936
1999-07-27,-3.8205789269078524e-05
1999-07-28,-0.0002474365668960959
1999-07-29,-0.00014026892894800487
1999-07-30,0.00025164209862627924
1999-08-02,7.569876948322515e-05
1999-08-03,5.952923319946179e-05
1999-08-04,-0.00013697511979007105
1999-08-05,-0.00023392183472328425
1999-08-06,-0.00025638326403009705
1999-08-09,0.00057008942814608
1999-08-10,0.00023688473297015417
1999-08-11,-0.00010276790424753804
1999-08-12,-0.0001906130621282203
1999-08-13,-8.79017990076775e-05
1999-08-16,-0.00023313582994750627
1999-08-17,5.259692003319418e-06
1999-08-18,-4.669375322784005e-05
1999-08-19,-7.742194158858013e-05
1999-08-20,-4.32931150623104e-05
1999-08-23,-0.00012766860684649355
1999-08-24,7.775336919282102e-05
1999-08-25,0.00026591609510819274
1999-08-26,-3.026994369447977e-05
1999-08-27,-1.8487424660718294e-05
1999-08-30,-2.8418472564292644e-05
1999-08-31,-4.673028795929038e-05
1999-09-01,1.8922677211344642e-05
1999-09-02,-0.00016530464607936372
1999-09-03,-5.3692505492650505e-05
1999-09-07,-0.0001509815553263009
1999-09-08,-5.937849759914162e-06
1999-09-09,-1.785004648858115e-05
1999-09-10,-8.437720443867086e-05
1999-09-13,-0.0001269090464449874
1999-09-14,3.0323712852733264e-05
1999-09-15,-2.208490432297374e-05
1999-09-16,-8.508518190791296e-05
1999-09-17,-1.8046194503131906e-05
1999-09-20,-0.0001421204100502989
1999-09-21,-7.326037014099292e-05
1999-09-22,-6.362291422921122e-05
1999-09-23,2.684970506862645e-05
1999-09-24,7.389836005789842e-05
1999-09-27,-2.613436962779636e-05
1999-09-28,-8.273542928466748e-05
1999-09-29,0.0010533098013452032
1999-09-30,2.099671529145683e-05
1999-10-01,-0.00032011328749993013
1999-10-04,0.00037569979610480985
1999-10-05,-0.00028222242102412425
1999-10-06,7.266507310541237e-05
1999-10-07,-0.00010334810095850325
1999-10-08,-0.00016859016434778645
1999-10-12,-0.0002187491808713117
1999-10-13,4.7484954450627956e-05
1999-10-14,-0.00011920543757477701
1999-10-15,-7.150866256812888e-05
1999-10-18,-0.000209958752051359
1999-10-19,-6.206788902647214e-05
1999-10-20,0.00016354263888067097
1999-10-21,-7.912491318884562e-05
1999-10-22,-9.668252555821443e-05
1999-10-25,-0.00015840596020983062
1999-10-26,5.445820096089232e-05
1999-10-27,0.00015030733900475918
1999-10-28,-0.0001029742773922781
1999-10-29,-2.7125248397022632e-05
1999-11-01,-0.0003273294045705126
1999-11-02,3.2988150466385625e-05
1999-11-03,-0.00012939162552877236
1999-11-04,-0.00014803333353865082
1999-11-05,-0.00022254201243273155
1999-11-08,-0.00023635286134782925
1999-11-09,0.00018009053056412008
1999-11-10,0.00014751980715968477
1999-11-12,0.00025230089606664613
1999-11-15,2.712248148700844e-06
1999-11-16,-1.579121632927551e-05
1999-11-17,0.0007250824756041114
1999-11-18,-0.0001487636492643171
1999-11-19,-0.00035227955047044857
1999-11-22,-0.00014485185205786655
1999-11-23,-0.00017956203174923678
1999-11-24,-2.3554981237161814e-05
1999-11-26,-3.13943610891296e-05
1999-11-29,-2.0758789501784844e-05
1999-11-30,-9.670837077220497e-05
1999-12-01,-0.00017225225917036677
1999-12-02,-0.00011830964535919532
1999-12-03,-0.00015614308653872923
1999-12-06,-0.00015584128626600001
1999-12-07,-9.353765853052596e-06
1999-12-08,-0.00014758904862009344
1999-12-09,-0.00012009309930503535
1999-12-10,-4.48285057243768e-06
1999-12-13,-1.8048590050838275e-05
1999-12-14,-0.00018699970506280429
1999-12-15,-0.00010373439517399362
1999-12-16,-0.0003519652587860187
1999-12-17,3.566754518508807e-05
1999-12-20,-5.548346722272704e-05
1999-12-21,4.358392434106776e-05
1999-12-22,5.098490300763077e-05
1999-12-23,-0.00019895579195173787
1999-12-27,2.9827261120668664e-05
1999-12-28,-0.0004679324330447815
1999-12-29,-0.0005433357068621418
1999-12-30,0.004122503138690186
1999-12-31,-0.0002300623322766186
2000-01-03,-0.0003471555902068806
2000-01-04,-0.0025117980864768612
2000-01-05,-0.00018754233896673016
2000-01-06,2.795908815479852e-05
2000-01-07,-0.00025906813937923227
2000-01-10,2.60127870478576e-05
2000-01-11,-9.754932658075162e-06
2000-01-12,0.0001931788340559419
2000-01-13,-0.0002443596061710911
2000-01-14,-0.0005366442708231819
2000-01-18,-0.0005371168554266217
2000-01-19,-0.00030526292735196176
2000-01-20,-0.0004116288632056424
2000-01-21,-0.00026629078268400016
2000-01-24,-0.0002325082023523356
2000-01-25,-0.00025881200349447806
2000-01-26,-0.0002018609396555007
2000-01-27,-0.00018972801308104993
2000-01-28,-0.0001780477359141694
2000-01-31,0.00019740934539610533
2000-02-01,1.582424631954422e-05
2000-02-02,-0.0001953836214783221
2000-02-03,-0.0004887904655132677
2000-02-04,-0.00042801711471360807
2000-02-07,-5.1479135916930054e-05
2000-02-08,-3.014364279437723e-05
2000-02-09,-2.5689058587820905e-05
2000-02-10,7.101890418608672e-05
2000-02-11,-0.00016612501136892995
2000-02-14,-5.170171655657059e-05
2000-02-15,-5.391076740778849e-05
2000-02-16,-8.109787671617215e-05
2000-02-17,-6.593008040258554e-05
2000-02-18,-1.3341454786693486e-05
2000-02-22,-5.370943098742843e-05
2000-02-23,-0.00011297694765892381
2000-02-24,-4.607468335334007e-06
2000-02-25,-0.0001634854716019319
2000-02-28,-0.0001251651704633665
2000-02-29,-5.145966527717516e-05
2000-03-01,-6.096440993042511e-05
2000-03-02,-4.907745291934412e-05
2000-03-03,-4.178935745243868e-05
2000-03-06,-5.402443032632276e-05
2000-03-07,-1.410761773836192e-07
2000-03-08,-0.00010591008010642558
2000-03-09,-6.183150448247569e-05
2000-03-10,-0.00010935395855825143
2000-03-13,-7.73936378527499e-06
2000-03-14,5.272149982112754e-05
2000-03-15,-7.171581492787824e-05
2000-03-16,-6.9820445322912e-05
2000-03-17,-4.3379579844076785e-06
2000-03-20,-6.719676131465392e-05
2000-03-21,-1.3855022663484806e-05
2000-03-22,-0.0001708410785532124
2000-03-23,-0.00012114835539250685
2000-03-24,7.145020028299794e-05
2000-03-27,5.062926095715875e-07
2000-03-28,8.29026440991507e-06
2000-03-29,-5.165537133245023e-05
2000-03-30,0.0048845779817380235
2000-03-31,-0.0005389838278926844
2000-04-03,-0.0005570398289762297
2000-04-04,-0.00040254173081014685
2000-04-05,-0.0017731813358890084
2000-04-06,0.00023699956149285536
2000-04-07,-0.00023543251939340303
2000-04-10,-0.00042741318230900337
2000-04-11,-0.0004035587782684592
2000-04-12,-0.000279528131683114
2000-04-13,-0.0004545976589574823
2000-04-14,-0.0005584286587930407
2000-04-17,-0.00038495452003435175
2000-04-18,-0.0004604411443403155
2000-04-19,-0.0003283105648370162
2000-04-20,-0.0003079377865425834
2000-04-24,-0.0003518281430131217
2000-04-25,-0.00027366116633892063
2000-04-26,-1.428178753859992e-05
2000-04-27,-0.00020923939265626642
2000-04-28,0.0005526225852093719
2000-05-01,-0.00014907057066926077
2000-05-02,-0.00018073781907752422
2000-05-03,-0.00043077959161400025
2000-05-04,-3.114138466957677e-05
2000-05-05,4.909423457444437e-05
2000-05-08,7.368911977351982e-05
2000-05-09,-4.562237272132244e-05
2000-05-10,-7.127645017779496e-05
2000-05-11,-0.0001452844887660978
2000-05-12,1.938681807961209e-05
2000-05-15,0.0001673936899844615
2000-05-16,-3.398806400804142e-05
2000-05-17,0.00023006380619148767
2000-05-18,-0.00013780586531494916
2000-05-19,-2.63250612077871e-05
2000-05-22,-0.00019188970778323452
2000-05-23,-2.7967732315170505e-05
2000-05-24,-4.892139733143929e-06
2000-05-25,-4.978313210516146e-06
2000-05-26,-4.89169842809174e-06
2000-05-30,-4.902053846853707e-06
2000-05-31,-4.925409493545075e-06
2000-06-01,-4.645197396557983e-06
2000-06-02,-4.837951072180828e-06
2000-06-05,-7.35304523598309e-05
2000-06-06,9.632936230406574e-06
2000-06-07,4.107093846667493e-06
2000-06-08,4.057875631255232e-05
2000-06-09,-5.016498565265837e-06
2000-06-12,-4.815985132275961e-06
2000-06-13,-4.7515593490348505e-06
2000-06-14,-4.5071710387120405e-06
2000-06-15,-4.562683085399805e-06
2000-06-16,-4.547762975555956e-06
2000-06-19,-4.735960246611688e-06
2000-06-20,-3.924957576367323e-05
2000-06-21,2.1773527288434578e-06
2000-06-22,-4.153538230360533e-07
2000-06-23,1.7922153631139862e-05
2000-06-26,-4.722591252108092e-06
2000-06-27,-4.5283882640355274e-06
2000-06-28,-4.344927766863452e-06
2000-06-29,0.0013679486088666404
2000-06-30,-0.00039759472847961065
2000-07-03,-0.00015737902663290898
2000-07-05,-0.001325928403239098
2000-07-06,1.2550944169497963e-05
2000-07-07,0.00017920351895679286
2000-07-10,-6.0973146447241135e-06
2000-07-11,0.00016218397715865712
2000-07-12,2.367296901247102e-05
2000-07-13,0.00015723056034022944
2000-07-14,-7.000186592346443e-05
2000-07-17,2.575784096200471e-05
2000-07-18,8.539194855256281e-05
2000-07-19,-1.1772718896853486e-05
2000-07-20,-2.8802859748533637e-05
2000-07-21,-0.0003954382123315092
2000-07-24,-2.851212419133106e-05
2000-07-25,6.044399861184694e-05
2000-07-26,0.00023118251675997771
2000-07-27,5.945369504779094e-06
2000-07-28,-2.3733996896333527e-05
2000-07-31,9.604297282113326e-05
2000-08-01,6.954452275454708e-05
2000-08-02,-6.045105889081943e-05
2000-08-03,-0.0002039866419125566
2000-08-04,-8.876049319705998e-05
2000-08-07,-0.0001430815236324249
2000-08-08,0.0001234639157670153
2000-08-09,7.042714843491517e-05
2000-08-10,0.00012582495942857122
2000-08-11,-3.653463803750449e-05
2000-08-14,3.219193070882044e-05
2000-08-15,-4.639861315995022e-06
2000-08-16,1.1888562205989473e-05
2000-08-17,-2.635598027952589e-05
2000-08-18,-5.276713113441194e-06
2000-08-21,-0.0003785983353345072
2000-08-22,3.034782063478449e-06
2000-08-23,5.760030310171788e-06
2000-08-24,3.774684941428199e-05
2000-08-25,-5.337856375096088e-06
2000-08-28,-0.0005286504696019388
2000-08-29,-5.4635896414288076e-06
2000-08-30,-5.532284239900167e-06
2000-08-31,-5.780394518457911e-06
2000-09-08,-0.0003717962027129411
2000-09-11,-5.225986421285066e-06
2000-09-12,-0.0005150703995187049
2000-09-13,-8.96019196991485e-05
2000-09-14,-9.401959253561864e-05
2000-09-15,-0.00014302086391334605
2000-09-18,-5.277861440721832e-06
2000-09-19,-5.530308676761021e-06
2000-09-20,-3.180968571202828e-05
2000-09-21,-2.8375374958048756e-05
2000-09-22,4.888784117684551e-05
2000-09-25,1.26695397355346e-05
2000-09-26,-8.830228336654731e-06
2000-09-27,-3.4623945749362705e-06
2000-09-28,-0.0001730361249269569
2000-09-29,9.881435820774277e-05
2000-10-02,4.888536263568199e-05
2000-10-03,5.72122882214311e-06
2000-10-04,4.2099725943449096e-05
2000-10-05,4.631089682916479e-06
2000-10-06,-1.663866722963041e-05
2000-10-10,-1.5221135123929836e-05
2000-10-11,-3.41450472078469e-05
2000-10-12,-2.0960019174829685e-05
2000-10-13,-0.0001345119138559835
2000-10-16,0.00011504802987760457
2000-10-17,5.930702204088983e-05
2000-10-18,-3.2963003663892624e-06
2000-10-19,-3.3101456800734554e-05
2000-10-20,6.836953004729412e-06
2000-10-23,1.1406742787892568e-05
2000-10-24,-2.1096891640715217e-05
2000-10-25,1.0419747955288874e-05
2000-10-26,-3.2975098293629445e-06
2000-10-27,3.6311447523456686e-05
2000-10-30,3.546252192725073e-05
2000-10-31,2.0898057065170886e-05
2000-11-01,-4.5495235495215516e-05
2000-11-02,-2.909133413650953e-05
2000-11-03,-5.4053858172498456e-05
2000-11-06,3.726053268248866e-05
2000-11-07,1.0959399708882119e-05
2000-11-08,-6.338644894537351e-06
2000-11-09,-1.565378511373264e-05
2000-11-10,-1.4951816545607601e-05
2000-11-13,-2.9647299796045345e-05
2000-11-14,-1.5909357584814592e-05
2000-11-15,3.607222857177313e-05
2000-11-16,-3.987301289768454e-06
2000-11-17,9.612756977813887e-06
2000-11-20,-1.679346301016682e-05
2000-11-21,-3.7770869893989825e-06
2000-11-22,-4.063377917462535e-06
2000-11-24,2.1927858993073386e-05
2000-11-27,-1.8334546226141708e-05
2000-11-28,-5.268839654908049e-06
2000-11-29,-1.6150119481763445e-05
2000-11-30,-3.058584950596291e-05
2000-12-01,-4.310666593773757e-05
2000-12-04,5.171407676661148e-05
2000-12-05,-2.7217840478579217e-06
2000-12-06,1.9246816323105086e-05
2000-12-07,-6.830356684603887e-05
2000-12-08,2.358736298155566e-05
2000-12-11,2.2878129027506534e-05
2000-12-12,3.179543145540006e-05
2000-12-13,-1.8336404676731993e-05
2000-12-14,-1.5759181832851964e-05
2000-12-15,-6.739513296200585e-05
2000-12-18,2.529126518190569e-05
2000-12-19,-2.558008029517377e-06
2000-12-20,0.00012317240486683565
2000-12-21,-5.959264293055931e-05
2000-12-22,-5.9211469943096596e-05
2000-12-26,6.697626404715852e-06
2000-12-27,0.00014309791403092594
2000-12-28,-0.0027646888771653178
2000-12-29,0.0017197074415511238
2001-01-02,-0.00024485579666819727
2001-01-03,0.0006558849359366702
2001-01-04,-0.0009446362199894911
2001-01-05,-0.0024178137115429058
2001-01-08,-0.0007104365372924305
2001-01-09,0.0006752365386479091
2001-01-10,0.0010061819080090342
2001-01-11,0.00032951016428202823
2001-01-12,-4.0425590861034735e-05
2001-01-16,0.00048188723999665787
2001-01-17,-0.0007383706768208496
2001-01-18,-0.00017583369449594537
2001-01-19,-0.0006669289430142221
2001-01-22,0.00042672438317093125
2001-01-23,-9.768365873719506e-05
2001-01-24,0.0008322087523876346
2001-01-25,-0.00035959050743547744
2001-01-26,0.0001521264416852988
2001-01-29,-0.0007126866410377056
2001-01-30,-4.4847943755744275e-05
2001-01-31,-0.0003404317320712003
2001-02-01,0.00039422736873128057
2001-02-02,-5.9378014908337124e-05
2001-02-05,0.00038178996580635026
2001-02-06,0.0007209782345054289
2001-02-07,0.00031079696577317103
2001-02-08,-4.3578038319436337e-07
2001-02-09,0.00012123143268872303
2001-02-12,-0.00011752649701063279
2001-02-13,-0.00017276731412971087
2001-02-14,9.700680413007795e-05
2001-02-15,0.0006357302067676576
2001-02-16,0.00019729982937044657
2001-02-20,-0.00014287408639992693
2001-02-21,1.997865114710144e-05
2001-02-22,-4.885977336394831e-05
2001-02-23,-0.00042063049839539317
2001-02-26,-0.000679967955986457
2001-02-27,6.555370273849932e-05
2001-02-28,0.00017687537484583054
2001-03-01,0.0008974108860821026
2001-03-02,0.0003253983813169101
2001-03-05,0.00012399185820087457
2001-03-06,0.00013285704249155772
2001-03-07,5.9720023777364013e-05
2001-03-08,3.121867879730447e-05
2001-03-09,7.586584152592725e-05
2001-03-12,0.0001677565202924345
2001-03-13,-0.00011853441319866878
2001-03-14,7.967025014863621e-05
2001-03-15,-0.00018705311649741806
2001-03-16,-5.379764657763883e-06
2001-03-19,0.00011331846868127526
2001-03-20,0.00019152454807156338
2001-03-21,0.00029315215092617464
2001-03-22,6.367219595133255e-05
2001-03-23,4.654681274476092e-05
2001-03-26,0.00012798949666657154
2001-03-27,6.390831931973274e-05
2001-03-28,4.538774859528798e-05
2001-03-29,-0.007404965848933132
2001-03-30,0.00030330160929486344
2001-04-02,-0.0002838639878843278
2001-04-04,0.0005707654531005449
2001-04-05,-7.147581648690943e-05
2001-04-06,0.0007589014153300555
2001-04-09,-0.0007118842894470889
2001-04-10,0.00025536723921291136
2001-04-11,0.000938943815497499
2001-04-12,0.0007000865686310582
2001-04-16,-0.00029085107953565065
2001-04-17,-0.0004896491170183692
2001-04-18,-0.0007497192805866555
2001-04-19,-0.0020655245592000483
2001-04-20,-0.00028771625302629906
2001-04-23,0.0019609903326893267
2001-04-24,0.0003133316999834841
2001-04-25,0.0002797899732175031
2001-04-26,0.0005357689730859293
2001-04-27,-0.00013793140275728704
2001-04-30,0.00032642372941640266
2001-05-01,0.00019599522015974002
2001-05-02,-0.0006464477255517878
2001-05-03,4.881908104162921e-05
2001-05-04,3.122209632519795e-05
2001-05-07,-0.0006836774112941289
2001-05-08,0.00014503217659480016
2001-05-09,0.0004927293015879163
2001-05-10,-1.183203022096585e-05
2001-05-11,0.0003442381918944702
2001-05-14,0.0004024460327103144
2001-05-15,-0.00047163035296880214
2001-05-16,-0.0008460463897518794
2001-05-17,0.00010358973807283604
2001-05-18,0.0005243011418828884
2001-05-21,0.0001041566292902381
2001-05-22,-3.084276127379961e-05
2001-05-23,-9.894448706947937e-06
2001-05-24,-4.6755616590999614e-06
2001-05-25,-3.84362860646439e-06
2001-05-29,-7.230165793001374e-05
2001-05-30,2.4956403650941065e-05
2001-06-01,5.697484496586156e-05
2001-06-04,-5.7422893620939053e-05
2001-06-05,2.1937539785677666e-05
2001-06-06,2.7301883229914494e-05
2001-06-07,-2.8782919439232818e-05
2001-06-08,-9.906328343111673e-06
2001-06-11,-3.7854857638299544e-05
2001-06-12,2.6356367168522735e-05
2001-06-13,2.8613791133376446e-05
2001-06-14,-6.400430803313782e-05
2001-06-15,-1.3619393006326623e-05
2001-06-18,2.5302904751989446e-05
2001-06-19,-3.267704483508931e-05
2001-06-20,-4.0275846176811356e-05
2001-06-21,-3.429850395438333e-05
2001-06-22,2.7293521708602803e-05
2001-06-25,9.736783153386967e-05
2001-06-26,1.8143238805778475e-06
2001-06-27,-3.723622535120824e-05
2001-06-28,-0.0022805927835406006
2001-06-29,0.00043718007632050516
2001-07-02,0.002254754657784243
2001-07-03,-0.0004442365481658704
2001-07-05,8.554605187934271e-06
2001-07-06,9.355731470552637e-05
2001-07-09,-0.0001963247089566788
2001-07-10,4.022915961602474e-06
2001-07-11,2.6903404900371095e-05
2001-07-12,-0.0002610314233907371
2001-07-13,0.00014889225244060387
2001-07-16,0.000328635902584076
2001-07-17,6.707988549088355e-05
2001-07-18,-6.738664371116984e-05
2001-07-19,-0.0004662347735092018
2001-07-20,5.092792032596429e-05
2001-07-23,0.00039137602158506157
2001-07-24,1.7851713552253792e-05
2001-07-25,-1.0488583199817573e-05
2001-07-26,-6.510670648600123e-05
2001-07-27,-1.2580467302954458e-05
2001-07-30,-0.00016031362210764622
2001-07-31,-1.6659306237017845e-05
2001-08-01,-4.478997184179594e-05
2001-08-02,4.0142670938543015e-05
2001-08-03,0.00030097405378636417
2001-08-06,2.8733311630922738e-05
2001-08-07,-0.00012504795940160347
2001-08-08,-5.0373893157604124e-05
2001-08-09,-0.00016603223659696783
2001-08-10,-7.579481356580279e-05
2001-08-13,1.3350128416216584e-05
2001-08-14,6.752445978512822e-05
2001-08-15,0.00015259142507535636
2001-08-16,0.0001720542509976606
2001-08-17,-5.5942564084420925e-05
2001-08-20,-0.000252251384977668
2001-08-21,-1.391558095448545e-06
2001-08-22,0.00021412191377011156
2001-08-23,4.646929522090671e-05
2001-08-24,-0.00012104450996854511
2001-08-27,-1.958815468083697e-05
2001-08-28,-6.755623674444607e-06
2001-08-29,-3.4298141623281356e-05
2001-08-30,-8.896562900590903e-06
2001-08-31,-6.766636096203894e-05
2001-09-04,2.3259122607117495e-05
2001-09-05,0.00011998679349626353
2001-09-06,7.205725606932458e-05
2001-09-07,-0.00018681829637838234
2001-09-10,-0.00026570287332478574
2001-09-11,0.00015432451921318927
2001-09-13,-0.0001818478513283161
2001-09-14,-0.00044383447506253027
2001-09-17,0.00010158798332209931
2001-09-18,-0.0004947606621702401
2001-09-19,-0.0009614005851798333
2001-09-20,-0.0004805519967711001
2001-09-21,0.0018418549886502866
2001-09-24,0.0019125908844118034
2001-09-25,-4.240184197273468e-05
2001-09-26,-0.0005051853033460246
2001-09-27,-0.00817261491420259
2001-09-28,-3.399740428061335e-05
2001-10-01,0.005822459604826807
2001-10-02,-0.00038630270947985794
2001-10-03,-0.00022463548099150898
2001-10-04,0.0008193872725185372
2001-10-05,0.00011637872047109214
2001-10-08,-0.0006501242969386171
2001-10-09,0.000506817299272573
2001-10-10,0.00033129477353832247
2001-10-11,4.950980680286688e-05
2001-10-12,0.0002051835761502807
2001-10-15,-0.00012534081395160118
2001-10-16,-0.00041811416306832233
2001-10-17,6.655289235580399e-05
2001-10-18,6.904994943708613e-05
2001-10-19,0.00017774459185826972
2001-10-22,0.00016276482205606127
2001-10-23,0.0001703274016762071
2001-10-24,0.0001407871672510646
2001-10-25,-0.00024645832994774286
2001-10-26,-0.0002890123298823284
2001-10-29,0.0001780362622135804
2001-10-30,1.3870198175062218e-05
2001-10-31,-0.00016329220911767337
2001-11-01,0.00048368136133148477
2001-11-02,0.00023247336364291284
2001-11-05,-0.00012938756816548608
2001-11-06,2.6694694738601574e-05
2001-11-07,-0.0009350471946945021
2001-11-08,0.0001683708178189999
2001-11-09,0.00028232152257542974
2001-11-13,0.00030084707527145414
2001-11-14,0.0003645970108297302
2001-11-15,0.000532702446032731
2001-11-16,0.0005873459289562279
2001-11-19,-2.4183564268466583e-06
2001-11-20,8.916800279279566e-05
2001-11-21,0.00013560582160568105
2001-11-23,0.00013453084212236403
2001-11-26,9.556760977103263e-05
2001-11-27,9.347778203662041e-05
2001-11-28,0.0002960478934013295
2001-11-29,-0.0005672559638936088
2001-11-30,-0.00014739101767494376
2001-12-03,8.615360234159049e-05
2001-12-04,0.00010504001383830901
2001-12-05,0.00016407324981204083
2001-12-06,0.0003753922513615313
2001-12-07,0.0001473351048625542
2001-12-10,-0.000356408656943073
2001-12-11,-2.8101863539153345e-05
2001-12-12,0.00017148600010728735
2001-12-13,0.00011446633774704974
2001-12-14,0.00018233745651387206
2001-12-17,0.00017504783788540432
2001-12-18,0.000333535325375965
2001-12-19,0.00013339980586562952
2001-12-20,0.00021673020166848255
2001-12-21,-3.112720832464218e-05
2001-12-24,-1.5048340772216e-05
2001-12-26,2.930476823455539e-05
2001-12-27,2.0778763504901504e-05
2001-12-28,-0.0005597692400658347
2001-12-31,-0.00034649880753193996
2002-01-02,9.982446057312884e-05
2002-01-03,0.00038888148886120113
2002-01-04,0.00014304857593943208
2002-01-07,0.00027742188035662107
2002-01-08,-0.00017114631118000915
2002-01-09,0.00022409276716457222
2002-01-10,0.00030132710477318383
2002-01-11,0.00021658865597919705
2002-01-14,-0.0007147384795528594
2002-01-15,3.902306147095941e-05
2002-01-16,0.000212555841155686
2002-01-17,0.0004519336191918659
2002-01-18,0.0005429398468843711
2002-01-22,9.447726799129374e-05
2002-01-23,0.0005013641727796892
2002-01-24,8.243529538253249e-05
2002-01-25,0.00032291942768417824
2002-01-28,4.766275555518468e-05
2002-01-29,1.4933137409212888e-05
2002-01-30,-0.0001070384188557649
2002-01-31,7.986489915215192e-05
2002-02-01,0.00013668692553472358
2002-02-04,1.9609406716600734e-05
2002-02-05,5.210680349001684e-06
2002-02-06,-4.203109920706756e-05
2002-02-07,-5.992371308850005e-05
2002-02-08,-2.8533438314268926e-05
2002-02-11,1.9024023870483284e-05
2002-02-12,4.1606096947457896e-05
2002-02-13,2.358233403992933e-05
2002-02-14,4.0933183051855814e-05
2002-02-15,0.0001018953922436751
2002-02-19,4.2875942074924566e-05
2002-02-20,5.851714432112065e-05
2002-02-21,5.1780667074310106e-05
2002-02-22,9.154443216455683e-05
2002-02-25,6.0457107828914736e-05
2002-02-26,7.563035765095098e-05
2002-02-27,9.054454946312675e-05
2002-02-28,0.00016664052057860552
2002-03-01,-0.00016611466110263545
2002-03-04,-1.0925282919866769e-06
2002-03-05,-5.26977349420875e-05
2002-03-06,-7.11351821943358e-05
2002-03-07,3.779381861058059e-05
2002-03-08,6.983905226859656e-05
2002-03-11,6.359659543258656e-05
2002-03-12,-5.101775903632821e-05
2002-03-13,6.202025969128693e-05
2002-03-14,2.9450994188131683e-05
2002-03-15,-4.4012379376478425e-05
2002-03-18,6.310473814274219e-05
2002-03-19,7.804224695872922e-05
2002-03-20,-1.3861883399340416e-05
2002-03-21,0.00011022677456213231
2002-03-22,0.0001248652229862275
2002-03-25,8.188680774469231e-05
2002-03-26,-3.010806223874346e-05
2002-03-27,0.0009082822275272204
2002-03-28,0.00036090245719105907
2002-04-01,-0.0005037230661933771
2002-04-02,0.0008755116915295024
2002-04-03,0.0006669443854360226
2002-04-04,-0.0002845940673212752
2002-04-05,6.912701489194715e-05
2002-04-08,-7.998548455537919e-05
2002-04-09,-1.7385706450387064e-05
2002-04-10,4.996452273768275e-05
2002-04-11,0.0003443169572812862
2002-04-12,-5.620633846509558e-05
2002-04-15,-0.00013511344681913035
2002-04-16,2.435113461648248e-05
2002-04-17,4.670798933746735e-05
2002-04-18,-7.027120840396266e-05
2002-04-19,1.4880454797219685e-05
2002-04-22,0.00010616887116114064
2002-04-23,6.616236036465039e-05
2002-04-24,5.888815779460892e-05
2002-04-25,3.269262183232785e-05
2002-04-26,-1.1919291576207544e-05
2002-04-29,3.56211579015301e-05
2002-04-30,4.323801638319676e-05
2002-05-01,7.675072867020261e-05
2002-05-02,7.26017209690397e-06
2002-05-03,5.858119258865779e-05
2002-05-06,3.0039371124126136e-05
2002-05-07,7.653310476521378e-05
2002-05-08,6.505039874820237e-05
2002-05-09,6.380093032630398e-05
2002-05-10,5.4994311792848764e-05
2002-05-13,6.007355249824486e-05
2002-05-14,5.447944139125453e-05
2002-05-15,4.543975623901505e-05
2002-05-16,6.225471366596548e-05
2002-05-17,6.175200164784411e-05
2002-05-20,5.798059699341601e-05
2002-05-21,1.2107585689812795e-05
2002-05-22,5.8974563253298e-05
2002-05-23,5.427323308281909e-05
2002-05-24,5.67098486472796e-05
2002-05-28,5.655306260955739e-05
2002-05-29,5.723745592003609e-05
2002-05-30,7.51220376940537e-06
2002-05-31,-4.359359637994559e-05
2002-06-03,-9.95220026714008e-05
2002-06-04,-9.978039633997592e-05
2002-06-05,2.5788307630825308e-05
2002-06-06,2.921197311191031e-05
2002-06-07,2.8108399583033415e-05
2002-06-10,1.6275514650574367e-05
2002-06-11,2.343766879383084e-05
2002-06-12,3.2278207797823516e-05
2002-06-13,2.62506745681739e-05
2002-06-14,2.531786208120963e-05
2002-06-17,3.2073279782420975e-05
2002-06-18,2.943931290906051e-05
2002-06-19,3.5530733648767375e-05
2002-06-20,3.600763777205908e-05
2002-06-21,-8.290609598619894e-06
2002-06-24,2.133164423617112e-05
2002-06-25,1.791300415845585e-05
2002-06-26,1.9889283043350326e-05
2002-06-27,-0.00018963869010780646
2002-06-28,0.00017964503059984604
2002-07-01,3.295431979478066e-05
2002-07-02,9.778180740579391e-05
2002-07-03,-6.017918873407766e-05
2002-07-05,-4.3552200848254836e-05
2002-07-08,0.0001815384758583583
2002-07-09,-4.313515741547203e-05
2002-07-10,-2.9588370267244313e-05
2002-07-11,-0.0002666686322261279
2002-07-12,-3.524765845683067e-05
2002-07-15,4.675608362991231e-06
2002-07-16,-0.00011702574490635045
2002-07-17,0.000345131400736189
2002-07-18,3.5908811920471254e-05
2002-07-19,3.8270130678038795e-05
2002-07-22,-3.6807318017684684e-05
2002-07-23,-0.00015892235916820126
2002-07-24,-0.00029210509124985833
2002-07-25,-5.262301232957474e-05
2002-07-26,5.841945637858913e-05
2002-07-29,-3.982513231957253e-05
2002-07-30,0.0005202582991696459
2002-07-31,0.00011041284459701938
2002-08-01,-0.0001640976140059253
2002-08-02,0.00017215973137928736
2002-08-05,-0.0007573146079847344
2002-08-06,0.00019218807744971346
2002-08-07,-2.814338869563696e-05
2002-08-08,-0.00028242584179248424
2002-08-09,0.00042107705380569466
2002-08-12,4.178449612617224e-05
2002-08-13,0.00013390226262449044
2002-08-14,0.0002513858268996783
2002-08-15,0.00013768433370137055
2002-08-16,3.669992794568722e-05
2002-08-19,-3.365262969494657e-05
2002-08-20,2.415851231655223e-05
2002-08-21,-6.431545606679705e-05
2002-08-22,5.289140341157875e-05
2002-08-23,4.557173525630704e-05
2002-08-26,-1.1961537612674938e-05
2002-08-27,-2.678827206318699e-06
2002-08-28,1.2156193393975486e-05
2002-08-29,-3.687620164854388e-05
2002-08-30,-5.052620434285367e-05
2002-09-03,-2.6292179731646485e-05
2002-09-04,-7.052720615627849e-05
2002-09-05,-3.245541913962801e-05
2002-09-06,-1.5327262061369296e-05
2002-09-09,4.9498340321665244e-05
2002-09-10,-4.2356683072442304e-05
2002-09-11,-2.376146132829714e-05
2002-09-12,-3.4648900392800436e-05
2002-09-13,1.8781754888780556e-06
2002-09-16,-3.76257278937944e-05
2002-09-17,2.23765380192385e-05
2002-09-18,-2.378370488052693e-05
2002-09-19,-2.944818307896126e-05
2002-09-20,-6.627369149736834e-05
2002-09-23,-4.654895503512382e-05
2002-09-24,-1.4003750790525888e-05
2002-09-25,2.0882299761852026e-05
2002-09-26,3.1985089027742284e-05
2002-09-27,-0.0020091841399514218
2002-09-30,-0.0004212308320619974
2002-10-01,-0.0008202742819791089
2002-10-02,0.00032116452971410144
2002-10-03,7.232809542570497e-05
2002-10-04,0.0002243948235895606
2002-10-07,0.0003890105081056032
2002-10-08,3.6309268267002844e-05
2002-10-09,0.000471944217867797
2002-10-10,-0.00028943187170188547
2002-10-11,1.79764644547841e-05
2002-10-15,0.0003119139062339859
2002-10-16,0.0005595051912503931
2002-10-17,-0.00011205407455038214
2002-10-18,-3.654383575898977e-05
2002-10-21,-5.5705879941145566e-05
2002-10-22,5.913285762979883e-05
2002-10-23,-6.51064820263028e-05
2002-10-24,-0.0002639107078457753
2002-10-25,-0.0001853351769068682
2002-10-28,-0.0003873020990962378
2002-10-29,-0.0004976338643889345
2002-10-30,-0.0008490671569551703
2002-10-31,-0.0001987693331603021
2002-11-01,-0.0002862785255770897
2002-11-04,-0.0001130620544585582
2002-11-05,-1.6755907818497945e-05
2002-11-06,-6.110957366329219e-05
2002-11-07,-0.0016686733348855684
2002-11-08,-0.0001528074967629781
2002-11-12,-0.00017126545394962364
2002-11-13,-0.00013143145197632062
2002-11-14,-0.00014363106933022997
2002-11-15,-6.310031395665827e-05
2002-11-18,-0.00017804142887775754
2002-11-19,-0.00032977746772351103
2002-11-20,-0.00015366520212088311
2002-11-21,-0.00026032834358773193
2002-11-22,-0.00023576578222720226
2002-11-25,-8.735914785643019e-05
2002-11-26,-4.7997621362954506e-05
2002-11-27,-0.00018429369108357755
2002-11-29,-4.942564122976158e-06
2002-12-02,-4.8428087287091605e-06
2002-12-03,-4.855121258933842e-06
2002-12-04,-4.802990659440723e-06
2002-12-05,-4.931417850126026e-06
2002-12-06,-4.994624030806527e-06
2002-12-09,-5.158958435156969e-06
2002-12-10,-5.175940930149995e-06
2002-12-11,-5.155155146012065e-06
2002-12-12,-0.00040022503772269046
2002-12-13,-4.804141498525636e-05
2002-12-16,1.6859098408616294e-05
2002-12-17,1.5064555443996502e-05
2002-12-18,1.7818150658895998e-05
2002-12-19,-8.590178795793446e-05
2002-12-20,-2.6708941211058266e-05
2002-12-23,-4.6071891243543484e-05
2002-12-24,-0.0002312144621432547
2002-12-26,-0.0003271279927854836
2002-12-27,-0.00014903062055635384
2002-12-30,-0.0004926569882208485
2002-12-31,-0.0001347408784909658
2003-01-02,-7.083162347315918e-05
2003-01-03,0.00014192969526131
2003-01-06,0.00012905785578116527
2003-01-07,0.00014112330296264938
2003-01-08,2.0906766364453498e-05
2003-01-09,-9.620853887139978e-05
2003-01-10,5.791230656515027e-05
2003-01-13,3.375511403035869e-05
2003-01-14,2.1409981326911195e-06
2003-01-15,1.3395311498945178e-05
2003-01-16,3.014941180433063e-05
2003-01-17,1.7990258010074526e-05
2003-01-21,-9.750317991955944e-05
2003-01-22,-2.3598248863030335e-05
2003-01-23,-8.135752500283973e-05
2003-01-24,-3.833444533316428e-05
2003-01-27,-8.626958517294395e-05
2003-01-28,7.111011043556198e-05
2003-01-29,2.0148119384201375e-05
2003-01-30,0.0001043719333439204
2003-01-31,2.253956984000714e-05
2003-02-03,1.6309416002492466e-05
2003-02-04,5.092545098952157e-05
2003-02-05,-5.508372841687e-06
2003-02-06,3.3655977096974567e-06
2003-02-07,-3.7935649104527183e-06
2003-02-10,7.03370369891339e-06
2003-02-11,-4.473318395790285e-06
2003-02-12,6.4120571285530984e-06
2003-02-13,5.9252057727412205e-06
2003-02-14,-0.00010159000526103104
2003-02-18,1.4996380080017508e-06
2003-02-19,5.184719391922231e-05
2003-02-20,4.85582393941971e-07
2003-02-21,-8.938517773553453e-05
2003-02-24,-0.00011039876760967276
2003-02-25,-8.721589738729349e-05
2003-02-26,3.7514245656982685e-05
2003-02-27,-0.00011042791735672131
2003-02-28,-0.00010442701921186908
2003-03-03,1.3961121607801898e-05
2003-03-04,3.2399069360616276e-05
2003-03-05,-4.145851470492307e-05
2003-03-06,-5.1958296235811997e-05
2003-03-07,-9.163274000705717e-05
2003-03-10,-0.00021560263987977478
2003-03-11,-0.00013628142729499548
2003-03-12,1.7767530994000473e-05
2003-03-13,1.6132714927470957e-05
2003-03-14,0.00015380829161289856
2003-03-17,3.1496256417745135e-05
2003-03-18,1.9522423052507583e-05
2003-03-19,0.00017668343856486486
2003-03-20,-9.744109833092145e-06
2003-03-21,-1.1074607639727261e-05
2003-03-24,-2.9916806860734716e-05
2003-03-25,-6.534127500351745e-05
2003-03-26,-8.2067161138493e-05
2003-03-27,-8.005569667705656e-05
2003-03-28,-0.0013727618931111858
2003-03-31,-0.0003484249797175276
2003-04-01,-0.00031863631082714995
2003-04-02,-0.00023469221466067153
2003-04-03,0.0003052034133327744
2003-04-04,-5.237011931725388e-05
2003-04-07,0.00021135658443361535
2003-04-08,0.0007609965626257789
2003-04-09,1.4751811492311087e-05
2003-04-10,-0.00012650671366854903
2003-04-11,1.3683037166031724e-05
2003-04-14,0.0004101433536855236
2003-04-15,-0.00013984029092870733
2003-04-16,-0.00022555217944106786
2003-04-17,-0.00018408637766291575
2003-04-21,-0.00032952473470971726
2003-04-22,-0.00021191589184673887
2003-04-23,-0.00011474037175108702
2003-04-24,-7.651581726788636e-05
2003-04-25,-0.00022627215062924054
2003-04-28,-0.00012207362871825177
2003-04-29,2.8154048075547058e-05
2003-04-30,0.0001294566924598594
2003-05-01,-0.00022998360053226062
2003-05-02,-4.5558675812238575e-05
2003-05-05,0.00025960899858733287
2003-05-06,-5.2239079162874395e-05
2003-05-07,6.492223782327727e-05
2003-05-08,0.00012746949897555576
2003-05-09,-0.00015405942189272807
2003-05-12,-0.00020543243373417306
2003-05-13,-0.00013813912568506336
2003-05-14,-0.00012649949547762166
2003-05-15,-0.00018370851080025912
2003-05-16,-6.384543803685207e-05
2003-05-19,-6.501046966554001e-05
2003-05-20,-0.00023010677108992227
2003-05-21,-0.00034419551954162776
2003-05-22,1.2685323100981426e-05
2003-05-23,-0.00012171605390841594
2003-05-27,-0.0001670662847290553
2003-05-28,-9.823029110197284e-05
2003-05-29,-0.00018195963761260696
2003-05-30,-0.0002783350765103912
2003-06-02,-0.00013288704697609152
2003-06-03,-5.476833070296278e-05
2003-06-04,-0.0002788978354957925
2003-06-05,-0.00013605325387834475
2003-06-06,-0.00017937735119219136
2003-06-09,-0.00021344682435866906
2003-06-10,-0.00019614183089752338
2003-06-11,-0.00018418890042593944
2003-06-12,-5.104444539958646e-05
2003-06-13,-0.0002565676857278662
2003-06-16,-0.00035736446004628095
2003-06-17,-4.32660612366237e-05
2003-06-18,9.510442923077273e-05
2003-06-19,-9.131071389538328e-07
2003-06-20,-6.096224412857809e-05
2003-06-23,-1.7216436767820735e-05
2003-06-24,3.8032007208904905e-05
2003-06-25,-1.0075275872810392e-05
2003-06-26,3.1829168541671196e-05
2003-06-27,-0.00032636946629751093
2003-06-30,-0.001445025884417564
2003-07-01,8.697196512581903e-05
2003-07-02,-0.0005421957510997893
2003-07-03,5.962362665802017e-06
2003-07-07,-7.277617010765513e-05
2003-07-08,-2.105103859944146e-05
2003-07-09,0.0001369575079129247
2003-07-10,-8.791247240510692e-05
2003-07-11,-3.743815691306024e-05
2003-07-14,-1.7572754358597188e-05
2003-07-15,3.807953018208856e-05
2003-07-16,3.168913036238399e-06
2003-07-17,5.110887557389157e-05
2003-07-18,-6.902263999794886e-05
2003-07-21,-1.8008027046543568e-05
2003-07-22,3.9100277109935044e-05
2003-07-23,-2.4650977028295985e-05
2003-07-24,-3.7715415951683525e-05
2003-07-25,5.0389191050426035e-06
2003-07-28,-4.253691307219971e-06
2003-07-29,4.277917630143532e-06
2003-07-30,2.8866132221639275e-05
2003-07-31,-2.399859075974673e-05
2003-08-01,-1.129051625301953e-05
2003-08-04,8.535919174627301e-05
2003-08-05,-0.00011213175131046084
2003-08-06,-7.751388832317175e-06
2003-08-07,2.87759691990379e-05
2003-08-08,-4.767282389907305e-05
2003-08-11,5.466651932337175e-06
2003-08-12,-5.021555606686059e-06
2003-08-13,5.114445109966325e-07
2003-08-14,-7.553536960912328e-06
2003-08-15,-5.776961814733465e-06
2003-08-18,-0.0004188426211806719
2003-08-19,-0.00011278212205617474
2003-08-20,3.515202001262178e-05
2003-08-21,-1.4734920969831408e-05
2003-08-22,-2.317837146399109e-05
2003-08-25,-2.2003595792097755e-05
2003-08-26,-2.4616198237153763e-05
2003-08-27,1.830854132489539e-05
2003-08-28,-3.7056647357446856e-05
2003-08-29,-2.2810919438557025e-05
2003-09-02,-3.706919973614417e-05
2003-09-03,-1.3560286640604844e-05
2003-09-04,5.172931229661012e-07
2003-09-05,-6.269365044418585e-05
2003-09-08,-5.163969984233214e-06
2003-09-09,-4.9363239971408304e-06
2003-09-10,-4.645097563415581e-06
2003-09-11,-4.700198019819707e-06
2003-09-12,-1.954587934883823e-05
2003-09-15,-4.856035178525207e-06
2003-09-16,1.0899091557289418e-05
2003-09-17,-2.5139108918166916e-05
2003-09-18,-1.9272502398656342e-05
2003-09-19,-5.915189369128113e-06
2003-09-22,-3.3299796418634764e-06
2003-09-23,-6.609987540622678e-06
2003-09-24,-5.437695786425132e-06
2003-09-25,-7.12133420038701e-06
2003-09-26,-9.041838802877027e-07
2003-09-29,-5.817316570398522e-05
2003-09-30,-7.500764813645859e-06
2003-10-01,-7.561611303583503e-05
2003-10-02,-2.7096858958134305e-05
2003-10-03,9.250214315392887e-06
2003-10-07,0.00011627742324767771
2003-10-08,4.3565308682031535e-05
2003-10-09,-1.5015466791430519e-05
2003-10-10,-6.877157220807392e-05
2003-10-13,-2.1317459187791492e-05
2003-10-14,-5.657743131646239e-06
2003-10-15,7.101710630388728e-06
2003-10-16,1.2449889704583675e-05
2003-10-17,3.4812598409489365e-05
2003-10-20,-7.171229451335369e-06
2003-10-21,-2.7014767949800393e-05
2003-10-22,-5.3649565978417244e-05
2003-10-23,-1.9511058788406153e-05
2003-10-24,-2.4968753726063925e-05
2003-10-27,-2.0594170211240925e-05
2003-10-28,1.097483490503548e-05
2003-10-29,1.426281542850279e-05
2003-10-30,1.1194154547226153e-05
2003-10-31,-5.815344914709991e-06
2003-11-03,-5.954502296446129e-06
2003-11-04,-5.187005973017262e-06
2003-11-05,-5.4182525764608505e-06
2003-11-06,-5.822765067148015e-06
2003-11-07,1.0742813691112783e-05
2003-11-10,-6.8425978933319186e-06
2003-11-12,-3.6440862891542423e-06
2003-11-13,-3.9482612769965695e-05
2003-11-14,-7.195125723637496e-06
2003-11-17,-1.2200112959063336e-05
2003-11-18,1.7421861919702296e-05
2003-11-19,1.018187138372078e-05
2003-11-20,-7.058649282407994e-06
2003-11-21,5.6823725155996506e-06
2003-11-24,-2.7401557840029002e-05
2003-11-25,-5.318062258159447e-06
2003-11-26,-5.177531020308336e-06
2003-11-28,-4.96723700430243e-06
2003-12-01,-4.762732078300739e-06
2003-12-02,-5.536352401856768e-06
2003-12-03,-5.517679855545856e-06
2003-12-04,-5.299717926861787e-06
2003-12-05,-6.604709367527879e-06
2003-12-08,-5.5902866391867945e-06
2003-12-09,-2.20371321723508e-05
2003-12-10,-1.002440046453225e-06
2003-12-11,-1.4004759872721566e-05
2003-12-12,1.9299080171069832e-05
2003-12-15,-5.465209466751409e-06
2003-12-16,-6.053292518573696e-06
2003-12-17,-5.189083927016373e-06
2003-12-18,-4.954461906574513e-06
2003-12-19,-4.867866675147279e-06
2003-12-22,-1.6345256324937353e-05
2003-12-23,-3.3613538190339313e-06
2003-12-24,-2.61110212700397e-05
2003-12-26,1.3013088813674306e-05
2003-12-29,-2.3478405054529686e-05
2003-12-30,5.737054499335525e-05
2003-12-31,-8.788913072008841e-07
2004-01-02,5.174073487291152e-05
2004-01-05,-8.776982665340985e-05
2004-01-06,-1.841425460200116e-07
2004-01-07,7.293153331964941e-06
2004-01-08,-4.908857880448098e-05
2004-01-09,-2.191164032970331e-05
2004-01-12,-3.4007885326104126e-06
2004-01-13,-2.1201407728502788e-05
2004-01-14,-3.0561734113243173e-06
2004-01-15,3.368825565809103e-05
2004-01-16,-5.364027541997355e-06
2004-01-20,-5.334884154387551e-06
2004-01-21,-6.666548196577247e-06
2004-01-22,-4.9182621863713035e-06
2004-01-23,-4.813584152033147e-06
2004-01-26,-4.0754459288277025e-06
2004-01-27,-4.10297646758191e-06
2004-01-28,-4.941758229626737e-06
2004-01-29,2.9762468073798986e-06
2004-01-30,-4.5549500703364025e-07
2004-02-02,3.5992627491414696e-06
2004-02-03,-2.4554620371490312e-05
2004-02-04,-4.844990783847628e-06
2004-02-05,-5.151680089399901e-06
2004-02-06,-4.605810567756223e-06
2004-02-09,-4.593062771217381e-06
2004-02-10,-1.1957068449043125e-05
2004-02-11,-9.406591159908771e-06
2004-02-12,-1.2852919065399294e-05
2004-02-13,1.4632680956244695e-05
2004-02-17,-4.868463908897697e-06
2004-02-18,-4.871840052418589e-06
2004-02-19,-4.7391553322092515e-06
2004-02-20,-4.762059451026074e-06
2004-02-23,-4.8224177477520025e-06
2004-02-24,-4.971538512948006e-06
2004-02-25,-5.0356333136432476e-06
2004-02-26,-5.0383931170833695e-06
2004-02-27,-5.0508481168433895e-06
2004-03-01,-4.954897466699222e-06
2004-03-02,-4.980468875325728e-06
2004-03-03,-5.007603798113632e-06
2004-03-04,-5.030534853881528e-06
2004-03-05,-4.857557824055291e-06
2004-03-08,-5.06657798120239e-06
2004-03-09,-4.919367061451508e-06
2004-03-10,-4.987627279812439e-06
2004-03-11,-4.993227178932608e-06
2004-03-12,-5.015372427606761e-06
2004-03-15,-4.897616422786115e-06
2004-03-16,-4.854356509455812e-06
2004-03-17,-4.863382686560754e-06
2004-03-18,-4.860501535082959e-06
2004-03-19,-4.877352983245084e-06
2004-03-22,-4.944289979854302e-06
2004-03-23,-4.9193744944804226e-06
2004-03-24,-4.893089104286295e-06
2004-03-25,-5.0805829513236045e-06
2004-03-26,-4.915121806842719e-06
2004-03-29,-3.6592547036842086e-06
2004-03-30,2.540378838999053e-07
2004-03-31,1.546721715016563e-06
2004-04-01,5.015414586505266e-06
2004-04-02,-2.112342823163473e-05
2004-04-05,4.007321850269611e-06
2004-04-06,9.378950465938832e-06
2004-04-07,8.773458295801652e-07
2004-04-08,-3.590102469545591e-05
2004-04-12,-5.016476089712884e-06
2004-04-13,-5.755506753226907e-06
2004-04-14,-5.0966693690355195e-06
2004-04-15,5.5863678481731825e-06
2004-04-16,7.331483725598746e-06
2004-04-19,-4.407262881905617e-06
2004-04-20,-4.195595879694941e-05
2004-04-21,-8.631832439894647e-06
2004-04-22,9.91054174997679e-06
2004-04-23,-5.261790491331677e-06
2004-04-26,-5.2399743559744395e-06
2004-04-27,-5.066126120816067e-06
2004-04-28,-5.121202162614261e-06
2004-04-29,3.266523124948328e-07
2004-04-30,1.1894008551112165e-06
2004-05-03,-2.175592558499383e-06
2004-05-04,-2.0076639872657256e-05
2004-05-05,-1.6012878053511395e-05
2004-05-06,-1.7607273877603572e-05
2004-05-07,-1.1448917819169732e-05
2004-05-10,3.0482712029565903e-05
2004-05-11,1.1286212333366964e-06
2004-05-12,-1.9437401207470635e-06
2004-05-13,-2.0061702091265615e-05
2004-05-14,4.763186433582817e-07
2004-05-17,1.1982414005806157e-06
2004-05-18,-7.511162878469475e-06
2004-05-19,-2.627550799537537e-05
2004-05-20,-8.13261534133818e-06
2004-05-21,4.348682334558409e-06
2004-05-24,-1.131316558036032e-05
2004-05-25,-8.095052403384176e-06
2004-05-26,9.78626625976972e-06
2004-05-27,-5.054780683847043e-06
2004-05-28,-5.059846613889001e-06
2004-06-01,-5.088972183663353e-06
2004-06-02,-5.084881092427155e-06
2004-06-03,-5.064152166314302e-06
2004-06-04,-5.1542477012419125e-06
2004-06-07,-5.052187193971263e-06
2004-06-08,-5.060722374748355e-06
2004-06-09,-5.073676342499184e-06
2004-06-10,-1.0783858836750835e-05
2004-06-14,-1.0799426949845945e-05
2004-06-15,-9.23766199016775e-06
2004-06-16,1.0298939709732851e-05
2004-06-17,-5.091889511599867e-06
2004-06-18,-5.098008339867974e-06
2004-06-21,-5.112859411182878e-06
2004-06-22,-5.110763777248689e-06
2004-06-23,-5.145000135345325e-06
2004-06-24,-5.205555248429573e-06
2004-06-25,-5.159761365223252e-06
2004-06-28,-5.167120606635127e-06
2004-06-29,0.0011386511871492805
2004-06-30,0.0002278598472266911
2004-07-01,0.00022170091775721576
2004-07-02,-0.0023718130071733465
2004-07-06,-0.00010813393362854888
2004-07-07,0.0001550706414083795
2004-07-08,-3.3109325132408346e-05
2004-07-09,0.00012941817519142516
2004-07-12,-1.9043943956370572e-05
2004-07-13,-1.5651818115173483e-07
2004-07-14,6.186022359436536e-05
2004-07-15,-9.28793892459608e-06
2004-07-16,-5.219575573047627e-06
2004-07-19,-5.8781356764418726e-05
2004-07-20,2.3560652805157205e-05
2004-07-21,0.00013747914223030815
2004-07-22,1.5092027974873276e-05
2004-07-23,-4.655092345260588e-05
2004-07-26,-7.028621348106275e-05
2004-07-27,5.77291114739693e-05
2004-07-28,2.8107053611344744e-05
2004-07-29,-6.273736844121755e-05
2004-07-30,-0.0001355613677097121
2004-08-02,-3.889967174631e-05
2004-08-03,9.585078814115516e-06
2004-08-04,-2.080289850691141e-05
2004-08-05,-2.2904989330700587e-06
2004-08-06,1.7334252694168244e-05
2004-08-09,-8.14251199297756e-05
2004-08-10,-1.8682818593839518e-05
2004-08-11,0.00011411630623593347
2004-08-12,0.00011273368478168246
2004-08-13,-6.771896748262723e-05
2004-08-16,-6.746843436155935e-05
2004-08-17,-3.7445223193127932e-06
2004-08-18,-4.389541460118198e-06
2004-08-19,-4.371373551808935e-06
2004-08-20,-4.031558388499632e-06
2004-08-23,7.879657502005481e-06
2004-08-24,5.498062764893818e-06
2004-08-25,-1.1796672532222202e-05
2004-08-26,-2.178695057287833e-05
2004-08-27,-5.030128001652934e-06
2004-08-30,-4.757224874562915e-06
2004-08-31,8.383638104636295e-06
2004-09-01,6.440106825480251e-06
2004-09-02,-2.509585540708859e-05
2004-09-03,-3.3436754758404304e-05
2004-09-07,2.75988097241128e-05
2004-09-08,4.429491499027309e-05
2004-09-09,-1.9673188592442267e-05
2004-09-10,-4.438568265370566e-05
2004-09-13,-1.867340756122013e-05
2004-09-14,-4.704741397893039e-06
2004-09-15,-4.552103287345148e-06
2004-09-16,-4.719876229498089e-06
2004-09-17,-4.721816180177554e-06
2004-09-20,1.3086394319412005e-05
2004-09-21,-8.958940465453379e-06
2004-09-22,7.834541495352958e-06
2004-09-23,-2.0821384789726164e-05
2004-09-24,1.0330078023331251e-05
2004-09-27,-2.2144820798914178e-05
2004-09-28,-9.976506339516806e-06
2004-09-29,0.001539112491975526
2004-09-30,0.0010233123870358237
2004-10-01,-0.0005557121112334974
2004-10-04,-0.0015179945455881475
2004-10-05,-2.9924101682602896e-05
2004-10-06,-2.309135821657651e-05
2004-10-07,-5.5148923709566885e-06
2004-10-08,-2.9668738723359496e-05
2004-10-11,-0.00021793542527760382
2004-10-12,-0.0001651083996281551
2004-10-13,4.0570234971325315e-05
2004-10-14,4.726574744359912e-05
2004-10-15,-1.492151201759921e-05
2004-10-18,1.0194482594074099e-05
2004-10-19,4.121945190760515e-05
2004-10-20,6.7174295470723e-05
2004-10-21,-4.7274145820498697e-05
2004-10-22,-0.00010387009932922753
2004-10-25,-7.3481103034275126e-06
2004-10-26,1.7939711130545758e-06
2004-10-27,-2.387795030070638e-05
2004-10-28,0.00011917477963374116
2004-10-29,1.5137506828688313e-05
2004-11-01,-5.053585986190356e-05
2004-11-02,-4.346927302699038e-05
2004-11-03,3.283240112976266e-05
2004-11-04,-2.3016300071182567e-05
2004-11-05,-5.564980418945709e-05
2004-11-08,0.0001729396226692035
2004-11-09,4.411646593967283e-05
2004-11-10,-9.130214176729452e-05
2004-11-12,-0.00014913466910914438
2004-11-15,7.130551703793037e-07
2004-11-16,-1.4819164404670055e-05
2004-11-17,7.113596340634525e-07
2004-11-18,2.1682106657947353e-06
2004-11-19,-1.5157799888517807e-05
2004-11-22,5.222176245994014e-07
2004-11-23,2.690790273281222e-05
2004-11-24,-9.03767232243539e-06
2004-11-26,-3.528703928012e-05
2004-11-29,-2.4234600806678366e-05
2004-11-30,-3.8401593070179105e-06
2004-12-01,2.1024737186425718e-05
2004-12-02,2.254049410208881e-06
2004-12-03,-1.4693407699866314e-05
2004-12-06,-2.407194582154449e-05
2004-12-07,-3.716277575889696e-06
2004-12-08,-3.9633089821993754e-05
2004-12-09,2.603763883832303e-06
2004-12-10,-1.5080320747371515e-05
2004-12-13,-2.3777539324450963e-05
2004-12-14,2.1103591489195606e-05
2004-12-15,2.7504929662203034e-06
2004-12-16,9.807563984260856e-06
2004-12-17,-1.7455170004148794e-05
2004-12-20,-1.4926355057144073e-05
2004-12-21,-2.392261883736274e-05
2004-12-22,-3.521988011541532e-06
2004-12-23,-3.4766391185022458e-06
2004-12-27,-3.441942296891924e-06
2004-12-28,2.1397419831103678e-05
2004-12-29,2.7384117082516446e-06
2004-12-30,0.0018909591602446851
2004-12-31,0.000709957489954437
2005-01-03,-0.0010442153738786392
2005-01-04,-0.0016924019647976524
2005-01-05,5.2358987446524114e-05
2005-01-06,7.771875273769999e-05
2005-01-07,1.0388798892489149e-05
2005-01-10,-6.076503181372653e-05
2005-01-11,-3.525955160990545e-05
2005-01-12,-2.2375129627009195e-05
2005-01-13,-2.123853440851003e-05
2005-01-14,-2.4911782887523296e-05
2005-01-18,1.787116147351703e-05
2005-01-19,1.9791827331876877e-06
2005-01-20,-1.466085613673966e-05
2005-01-21,-5.089952466823148e-05
2005-01-24,-3.806524672339262e-05
2005-01-25,1.3252470717198016e-06
2005-01-26,2.8193344585134087e-05
2005-01-27,1.5037085265567161e-05
2005-01-28,-0.00022317483614339354
2005-01-31,-0.00016402315881928982
2005-02-01,-0.0001256138759890434
2005-02-02,-6.124225807421026e-05
2005-02-03,-0.00010003525020082191
2005-02-04,-0.00011063437309375238
2005-02-07,-0.00010655955886956172
2005-02-08,-9.405364057337897e-05
2005-02-09,-9.190224112584923e-05
2005-02-10,-8.983781580760954e-05
2005-02-11,-8.943077638907987e-05
2005-02-14,-8.907207304050744e-05
2005-02-15,-8.891534871364751e-05
2005-02-16,-8.880192031529212e-05
2005-02-17,-0.00016051110623751706
2005-02-18,-0.00017437513695734116
2005-02-22,-0.00020540339079357586
2005-02-23,-0.00021356818970482195
2005-02-24,-0.0001735817268413932
2005-02-25,-0.00019453925087835601
2005-02-28,-0.00017669566255501922
2005-03-01,-5.1633043283196904e-05
2005-03-02,-0.00010914828748283573
2005-03-03,-0.00016108662337573402
2005-03-04,-9.926724123883976e-05
2005-03-07,-9.04655412760501e-05
2005-03-08,-8.477725101207613e-05
2005-03-09,-8.079562957805548e-05
2005-03-10,-8.153473913579637e-05
2005-03-11,-7.887951869302019e-05
2005-03-14,-7.771268434900198e-05
2005-03-15,-2.7643959124192407e-05
2005-03-16,-7.58736193867784e-05
2005-03-17,-7.841492956440634e-05
2005-03-18,-3.610859191403184e-05
2005-03-21,-3.7510626110448405e-05
2005-03-22,-2.6982861135034784e-05
2005-03-23,-8.006842841366588e-05
2005-03-24,-8.137607350220304e-05
2005-03-28,-7.403824158481106e-05
2005-03-29,2.0524149222306727e-05
2005-03-30,0.004371445770132418
2005-03-31,-0.000260189600281591
2005-04-01,-0.0005726696060405589
2005-04-04,-0.0003541058106962197
2005-04-05,-0.00039968461236769266
2005-04-06,-0.0002713891432781893
2005-04-07,-0.00028365558272859027
2005-04-08,-0.00024149280550951683
2005-04-11,-0.0002765966916055977
2005-04-12,-0.0002598466966507106
2005-04-13,-0.00033732794540882615
2005-04-14,-0.00036310593573500344
2005-04-15,-0.0003829588928276565
2005-04-18,-0.0003458908608580933
2005-04-19,-0.00031221377244205567
2005-04-20,-0.00023733255529417556
2005-04-21,-0.00020158082856272928
2005-04-22,-0.00013092300423473766
2005-04-25,-0.00015116047884886926
2005-04-26,-0.00013630302574528568
2005-04-27,-0.00011180837984949119
2005-04-28,-0.0001008289573481691
2005-04-29,-9.537074192448069e-05
2005-05-02,-0.00010553558898753414
2005-05-03,-8.918217843146797e-05
2005-05-04,-4.215369106845763e-05
2005-05-05,-9.189039421559238e-05
2005-05-06,-8.845839685618493e-05
2005-05-09,-3.4710535120919965e-05
2005-05-10,-8.436299701183528e-05
2005-05-11,-8.428716251617582e-05
2005-05-12,-8.368751817294512e-05
2005-05-13,-8.449819590640863e-05
2005-05-16,-8.186929204761833e-05
2005-05-17,-8.008770546493348e-05
2005-05-18,-0.00013373303791592574
2005-05-19,-0.0001500405268712381
2005-05-20,-0.0001390907920022058
2005-05-23,-0.00014104954074977896
2005-05-24,-0.00012716135458748748
2005-05-25,-0.00012651110196114422
2005-05-26,-0.00012128435007143655
2005-05-27,-0.0001109066343846488
2005-05-31,-0.00010148142432516643
2005-06-01,-9.843436088358152e-05
2005-06-02,-9.409190205664748e-05
2005-06-03,-9.673648554198644e-05
2005-06-06,-9.412991268322707e-05
2005-06-07,-9.011820303826721e-05
2005-06-08,-8.900966247493559e-05
2005-06-09,-8.591738135304639e-05
2005-06-10,-8.207465364848022e-05
2005-06-13,-8.179925289450325e-05
2005-06-14,-7.854405559071047e-05
2005-06-15,-7.547339030401402e-05
2005-06-16,-6.982710818095411e-05
2005-06-17,-6.397077347748413e-05
2005-06-20,-6.768530536085498e-05
2005-06-21,-7.052887952995692e-05
2005-06-22,-6.418632090434261e-05
2005-06-23,-5.680495459746963e-05
2005-06-24,-5.4699947944889176e-05
2005-06-27,-5.315834189310943e-05
2005-06-28,-5.126390765513604e-05
2005-06-29,0.004869179140427745
2005-06-30,-5.2940533122801565e-05
2005-07-01,-0.0001723262757901771
2005-07-05,-9.761601613996708e-05
2005-07-06,-0.00023077939008123377
2005-07-07,-0.0002801418273247183
2005-07-08,-0.0004130151835550764
2005-07-11,-7.276850968049198e-05
2005-07-12,-0.00015114974265362157
2005-07-13,-0.00020950312094491136
2005-07-14,-0.00020742275986578783
2005-07-15,-0.00023474050640725325
2005-07-18,-0.00025960420258927557
2005-07-19,-0.00017941840647947582
2005-07-20,-0.00028472109104545165
2005-07-21,-0.00028091621625527343
2005-07-22,-0.0002461039470043819
2005-07-25,-0.00021266987338937235
2005-07-26,-0.00021084817828680142
2005-07-27,-0.0001703533957811298
2005-07-28,-0.00013697666560613826
2005-07-29,-6.0692843459853544e-05
2005-08-01,-4.829421291278392e-06
2005-08-02,-0.0001448798714029956
2005-08-03,-6.838081191555266e-05
2005-08-04,-9.279320529958677e-05
2005-08-05,-9.769060031826399e-05
2005-08-08,-8.437719855738589e-05
2005-08-09,-8.069019420868066e-05
2005-08-10,-0.00012091428569230712
2005-08-11,-0.0001227514145741188
2005-08-12,-9.616894898459061e-05
2005-08-15,-9.573938048107541e-05
2005-08-16,-8.610419582876893e-05
2005-08-17,-8.439915549388348e-05
2005-08-18,-6.592547701656549e-05
2005-08-19,-8.502334034445622e-05
2005-08-22,-8.051011673861778e-05
2005-08-23,-8.272452691526246e-05
2005-08-24,-8.515926341689085e-05
2005-08-25,-8.455423630609134e-05
2005-08-26,-7.414341887874725e-05
2005-08-29,-0.00010244243493212694
2005-08-30,-0.00010175464786020547
2005-08-31,-0.00010256654441856949
2005-09-01,-0.00021898743710517
2005-09-02,-0.0004621234200575532
2005-09-06,4.133956093538976e-05
2005-09-07,-9.470065280199151e-05
2005-09-08,9.432729332021285e-05
2005-09-09,-4.646178745725977e-05
2005-09-12,-5.850510350275699e-05
2005-09-13,5.0014161403504866e-05
2005-09-14,-6.22724124029696e-05
2005-09-15,-6.402759801333216e-05
2005-09-16,-5.790747120018569e-05
2005-09-19,1.8852359266476108e-05
2005-09-20,-5.0718531334602765e-05
2005-09-21,-6.429192646276531e-06
2005-09-22,-5.339953566242266e-05
2005-09-23,-5.281841899562457e-05
2005-09-26,-4.870374391182692e-05
2005-09-27,-3.0930751910464756e-05
2005-09-28,-2.9353641579715504e-05
2005-09-29,0.004591477116749424
2005-09-30,-0.00010833040849096611
2005-10-03,-0.00015631917392698174
2005-10-04,-8.825943499918536e-05
2005-10-05,-0.0002582938648503594
2005-10-06,-0.00023505004100460685
2005-10-07,-0.0003135362286036534
2005-10-11,-0.00022922671126742326
2005-10-12,-0.00019642960754709125
2005-10-13,-0.00015475316326406764
2005-10-14,-0.000228851336436259
2005-10-17,-0.00011057883978214055
2005-10-18,-0.00020267269569267137
2005-10-19,-0.00019269668478630919
2005-10-20,-0.0002094322874199611
2005-10-21,-0.0002079176259546389
2005-10-24,-0.00017524206213778996
2005-10-25,-0.0001566102573672724
2005-10-26,-0.00011497769839437126
2005-10-27,-5.5629009785244947e-05
2005-10-28,-9.113916404015152e-05
2005-10-31,-0.00012156402414053234
2005-11-01,-0.00013262297259063885
2005-11-02,-0.00012990417260157772
2005-11-03,-6.498519418361292e-05
2005-11-04,-9.645502825106038e-05
2005-11-07,-0.00014167319118171462
2005-11-08,-0.00014058664162284684
2005-11-09,-0.0001370527237537342
2005-11-10,-0.00013012405929813586
2005-11-14,-0.0001300586849350743
2005-11-15,-0.00013031170748863387
2005-11-16,-0.0001273507712944484
2005-11-17,-8.146760984352029e-05
2005-11-18,-8.437345426119492e-05
2005-11-21,-8.41859830217558e-05
2005-11-22,-8.214994827160953e-05
2005-11-23,-7.574487858210309e-05
2005-11-25,-7.432374400544952e-05
2005-11-28,-7.479238951737033e-05
2005-11-29,-7.345138741807718e-05
2005-11-30,-7.092471109533309e-05
2005-12-01,-6.837991650403785e-05
2005-12-02,-6.745718812583781e-05
2005-12-05,-6.641835186742602e-05
2005-12-06,-6.378284835768088e-05
2005-12-07,-6.203213884242339e-05
2005-12-08,-6.111669716601731e-05
2005-12-09,-6.0376254907202055e-05
2005-12-12,-5.844516873841796e-05
2005-12-13,-5.68348384325656e-05
2005-12-14,-5.58511973092703e-05
2005-12-15,-5.512578498807764e-05
2005-12-16,-5.3657808007142455e-05
2005-12-19,-5.115169657886555e-05
2005-12-20,-5.0237754477940024e-05
2005-12-21,-4.954511910281161e-05
2005-12-22,-3.582378482169126e-05
2005-12-23,-8.518208322671271e-05
2005-12-27,-8.601983895828112e-05
2005-12-28,-9.664650863062748e-05
2005-12-29,0.0034003480523915816
2005-12-30,-0.00016703538134724485
2006-01-03,-0.00025034898481039893
2006-01-04,-0.00019894188538457873
2006-01-05,-0.00029071452679456584
2006-01-06,-0.00021695652289717164
2006-01-09,-8.065333481026171e-05
2006-01-10,-0.00017050749667681445
2006-01-11,-4.389481198852862e-05
2006-01-12,-0.00015823613697248833
2006-01-13,-0.00018310513558254273
2006-01-17,-0.0001724285462649283
2006-01-18,-0.0001494307987158034
2006-01-19,-0.00013352283686102103
2006-01-20,-0.0001462342231239931
2006-01-23,-0.00014297793639907514
2006-01-24,-0.00012134638697824394
2006-01-25,-0.00010791933140095814
2006-01-26,-6.588280704393861e-05
2006-01-27,-6.51939854844219e-05
2006-01-30,-0.00010213581973975441
2006-01-31,-3.8093099250085854e-05
2006-02-01,-9.323995711088067e-05
2006-02-02,-4.672252820020839e-05
2006-02-03,-8.6234249298518e-05
2006-02-06,-2.5665172893143154e-05
2006-02-07,-7.623352225246243e-05
2006-02-08,-8.009348387733172e-05
2006-02-09,-0.00012108034694586959
2006-02-10,-2.0375991849885766e-05
2006-02-13,-6.939356872341589e-05
2006-02-14,-7.184170309996127e-05
2006-02-15,-6.955019121754073e-05
2006-02-16,-0.00011007628968954959
2006-02-17,-0.00010754718094900974
2006-02-21,-0.00010863513577489275
2006-02-22,-0.00010775936265780144
2006-02-23,-0.00010333953568919779
2006-02-24,-0.0001010139024437932
2006-02-27,-5.8763160120426276e-05
2006-02-28,-5.836593883094358e-05
2006-03-01,-5.5176208252863876e-05
2006-03-02,-5.2772409811213904e-05
2006-03-03,-5.253292642009606e-05
2006-03-06,-5.228883885976868e-05
2006-03-07,-4.277374984846028e-05
2006-03-08,-5.068152436848346e-05
2006-03-09,-5.1324279889714756e-05
2006-03-10,-4.0990520484669245e-05
2006-03-13,-9.101925728022426e-05
2006-03-14,-3.9732743049983933e-05
2006-03-15,-8.925815954389233e-05
2006-03-16,-9.026038463323052e-05
2006-03-17,-8.729996947570268e-05
2006-03-20,-4.176922543379477e-05
2006-03-21,5.9197379444523744e-05
2006-03-22,7.778985800872308e-06
2006-03-23,-4.437932665839272e-05
2006-03-24,-4.279512531582723e-05
2006-03-27,-4.214928326051485e-05
2006-03-28,5.4627395697079e-06
2006-03-29,-4.4164196959395875e-05
2006-03-30,0.003790792397347453
2006-03-31,-5.640955193847875e-05
2006-04-03,-0.00026405954672142516
2006-04-04,-0.00010395428309992213
2006-04-05,-0.00016485616689821328
2006-04-06,-0.00020810310610237988
2006-04-07,-0.00020373159312229167
2006-04-10,-4.5656265278717516e-05
2006-04-11,-9.869866104940522e-05
2006-04-12,-0.0001685053004052692
2006-04-13,-0.0002052193466906441
2006-04-17,-0.00011472027723874472
2006-04-18,-0.00014703546902757205
2006-04-19,-0.00025544283002089217
2006-04-20,-0.0001267762042586637
2006-04-21,-0.00016250057960417178
2006-04-24,-0.0001367411352469278
2006-04-25,-0.0001232560579847072
2006-04-26,-8.913411658417885e-05
2006-04-27,-3.056892910172175e-05
2006-04-28,-0.00021141991215588508
2006-05-01,-0.0001478360917392953
2006-05-02,-0.00010729089300965758
2006-05-03,-0.0001025581244404784
2006-05-04,1.6435834194624714e-05
2006-05-05,-7.677714064285263e-05
2006-05-08,-8.621447038249107e-05
2006-05-09,-0.00012962971993334254
2006-05-10,-0.0001224674852880778
2006-05-11,-0.00011440798722488073
2006-05-12,-0.00012019372465959383
2006-05-15,-0.00011917358560989405
2006-05-16,-0.00011243262247554188
2006-05-17,-0.00010838701669410494
2006-05-18,-0.00011142208784348756
2006-05-19,-9.625120597466107e-05
2006-05-22,-4.549554294267582e-05
2006-05-23,-7.73584112137272e-05
2006-05-24,-6.551088409109016e-05
2006-05-25,-6.222363028789347e-05
2006-05-26,-5.602282752960196e-05
2006-05-30,-5.176937566258826e-05
2006-05-31,-4.8388449729821585e-05
2006-06-01,-4.659689377481265e-05
2006-06-02,-4.1535846349209996e-05
2006-06-05,-3.855672716970444e-05
2006-06-06,-4.424954895405835e-05
2006-06-07,-5.740398979252867e-05
2006-06-08,-1.681374318665347e-05
2006-06-09,-5.593619582699483e-05
2006-06-12,-4.747053244808745e-05
2006-06-13,-8.92521546430335e-05
2006-06-14,7.197736618219715e-06
2006-06-15,-4.3670467620515776e-05
2006-06-16,-9.988308097040907e-05
2006-06-19,-3.731429401691326e-05
2006-06-20,-3.5895622527119936e-05
2006-06-21,-8.411973967881485e-05
2006-06-22,-0.00012564925363205392
2006-06-23,-5.498583754513259e-05
2006-06-26,-0.00015048832482665925
2006-06-27,-9.300405100103753e-05
2006-06-28,-3.724598714363521e-05
2006-06-29,0.004576151766671668
2006-06-30,-0.000729135253153412
2006-07-03,-0.0003340122831588872
2006-07-05,-0.0001694307494081841
2006-07-06,0.00017233473165948054
2006-07-07,-0.0003094488740529417
2006-07-10,-0.0004660691896631894
2006-07-11,-0.00016681092490583116
2006-07-12,-0.0001280990163947911
2006-07-13,-9.476801083219771e-05
2006-07-14,-0.0003681734790773606
2006-07-17,-0.0003962353930094188
2006-07-18,-4.704068176682424e-05
2006-07-19,0.00021779820809589593
2006-07-20,-0.00032091999297073214
2006-07-21,-0.00042973925006086877
2006-07-24,-0.00017768777893005972
2006-07-25,-6.280721256994505e-07
2006-07-26,-1.6533663115198262e-06
2006-07-27,-0.000230329136099815
2006-07-28,-0.00018846394294631905
2006-07-31,-0.0004817520003274358
2006-08-01,6.4204445827604e-06
2006-08-02,0.0001557014520664585
2006-08-03,-1.696183221258418e-05
2006-08-04,5.4977827246434195e-05
2006-08-07,-0.0007423106007559098
2006-08-08,7.055165520034913e-05
2006-08-09,-0.00043896467531443677
2006-08-10,-8.777391367360951e-06
2006-08-11,-1.2202885797373212e-05
2006-08-14,3.5310080909403694e-05
2006-08-15,9.357880659161174e-05
2006-08-16,-0.00013143300892880092
2006-08-17,-4.684290050744862e-05
2006-08-18,1.4025172144371371e-05
2006-08-21,-8.992041234191107e-05
2006-08-22,-4.5084274027329843e-05
2006-08-23,-2.1230754884372668e-05
2006-08-24,-8.872142225899405e-06
2006-08-25,-3.64919316074484e-05
2006-08-28,-3.1162192062972755e-05
2006-08-29,-6.690025643931499e-06
2006-08-30,1.7083974948309793e-05
2006-08-31,-9.708615650957602e-06
2006-09-01,-4.987279091236115e-05
2006-09-05,3.556821064186308e-05
2006-09-06,2.273657075364646e-05
2006-09-07,-1.7303121579200805e-05
2006-09-08,-1.3452872800379395e-05
2006-09-11,-1.4446097386703089e-05
2006-09-12,2.3326631598145027e-05
2006-09-13,-4.341104382866258e-05
2006-09-14,1.3984024000403472e-05
2006-09-15,7.216531940088552e-06
2006-09-18,2.1808214176905627e-05
2006-09-19,4.6262480775083453e-07
2006-09-20,-3.597735846511011e-05
2006-09-21,1.565373744301655e-05
2006-09-22,-3.345369974691115e-05
2006-09-25,1.65704298134657e-05
2006-09-26,3.7270438731869635e-05
2006-09-27,-4.769203887748955e-06
2006-09-28,-4.157786917364228e-06
2006-09-29,-4.601994795822242e-06
2006-10-02,-4.606635750013851e-06
2006-10-03,3.773551617863289e-06
2006-10-04,-4.418191770092332e-06
2006-10-05,-4.5202075213877675e-06
2006-10-06,-4.6199269675022665e-06
2006-10-10,-4.628443868952552e-06
2006-10-11,-4.63118545802495e-06
2006-10-12,-4.742084648960006e-06
2006-10-13,-4.642194491679749e-06
2006-10-16,-5.129217244743453e-06
2006-10-17,-4.6549390190482905e-06
2006-10-18,-4.7559954367541675e-06
2006-10-19,-4.760720797733317e-06
2006-10-20,-4.870862540278011e-06
2006-10-23,-4.6748361669131056e-06
2006-10-24,-4.584752072887095e-06
2006-10-25,-4.399065735924851e-06
2006-10-26,-4.88110606518324e-06
2006-10-27,-4.4930093974367566e-06
2006-10-30,-4.684993742108768e-06
2006-10-31,-4.689008120690718e-06
2006-11-01,-4.6925733681018664e-06
2006-11-02,-4.209779306272802e-06
2006-11-03,-4.688365862092947e-06
2006-11-06,-4.804645124709827e-06
2006-11-07,-4.509943931147884e-06
2006-11-08,-4.606984293179729e-06
2006-11-09,-4.704017617869054e-06
2006-11-10,-4.70462623508978e-06
2006-11-13,-3.940157751014356e-06
2006-11-14,-4.706864230784288e-06
2006-11-15,-4.7078024309445076e-06
2006-11-16,-4.6068283429868774e-06
2006-11-17,-4.7040942236747535e-06
2006-11-20,-4.107586058342681e-06
2006-11-21,-4.12922665962124e-06
2006-11-22,-4.253967584384575e-06
2006-11-24,-4.278440559683695e-06
2006-11-27,-4.20402350399636e-06
2006-11-28,-4.214036658585938e-06
2006-11-29,-4.3210867974397264e-06
2006-11-30,-4.350002796995915e-06
2006-12-01,-4.368643456227295e-06
2006-12-04,-4.284681397186986e-06
2006-12-05,-4.305507542980232e-06
2006-12-06,-4.427131478043973e-06
2006-12-07,-4.445562312267718e-06
2006-12-08,-4.466154260439465e-06
2006-12-11,-4.4843716087528794e-06
2006-12-12,-4.4115715159029375e-06
2006-12-13,-4.535224645003011e-06
2006-12-14,8.430561442711187e-06
2006-12-15,-4.381747933943251e-06
2006-12-18,5.726738582322725e-06
2006-12-19,6.683818889826188e-06
2006-12-20,2.0338694839709594e-06
2006-12-21,1.0728765110079694e-05
2006-12-22,-4.674669345099964e-06
2006-12-26,-4.695530354881827e-06
2006-12-27,-4.71166208024384e-06
2006-12-28,-4.608129547525318e-06
2006-12-29,-4.81348546426092e-06
2007-01-02,-4.620833869011266e-06
2007-01-03,-4.718295311721448e-06
2007-01-04,3.2465310277784425e-06
2007-01-05,-4.720741867135607e-06
2007-01-08,-4.9225442395066595e-06
2007-01-09,-4.727773408408326e-06
2007-01-10,-4.5353286504324315e-06
2007-01-11,-4.535181468078291e-06
2007-01-12,-4.73581607379203e-06
2007-01-16,-4.733104182527611e-06
2007-01-17,-4.636080776416818e-06
2007-01-18,-4.836382124290315e-06
2007-01-19,-4.736526525124758e-06
2007-01-22,-4.729788205790402e-06
2007-01-23,-4.633387964397725e-06
2007-01-24,-4.735006026345123e-06
2007-01-25,-4.7344956868826405e-06
2007-01-26,-4.830425768710206e-06
2007-01-29,-4.829933924817154e-06
2007-01-30,-4.733074320950026e-06
2007-01-31,-4.732516790622128e-06
2007-02-01,-4.731972978774919e-06
2007-02-02,-4.731137183203752e-06
2007-02-05,-4.722252881204102e-06
2007-02-06,-4.721530561944906e-06
2007-02-07,-4.6246958915150405e-06
2007-02-08,-4.7141993512618064e-06
2007-02-09,-4.707707588580244e-06
2007-02-12,-4.701410198970237e-06
2007-02-13,-4.701605488976493e-06
2007-02-14,-4.702357924735162e-06
2007-02-15,-4.702861845242025e-06
2007-02-16,-4.691040415508838e-06
2007-02-20,-4.1336680435232895e-06
2007-02-21,-4.167209178664283e-06
2007-02-22,-4.223387102010551e-06
2007-02-23,-4.2656539902390995e-06
2007-02-26,-4.303454103162971e-06
2007-02-27,-4.323016110515855e-06
2007-02-28,-4.231493599871331e-06
2007-03-01,-4.360196123759627e-06
2007-03-02,-4.385694409173177e-06
2007-03-05,-4.406317819783782e-06
2007-03-06,-4.325397631668357e-06
2007-03-07,-4.4523628958878876e-06
2007-03-08,-4.576802218437108e-06
2007-03-09,-4.505988667585912e-06
2007-03-12,-4.6322739194388635e-06
2007-03-13,-4.547210530715264e-06
2007-03-14,-4.566683418678536e-06
2007-03-15,-2.4656533931253014e-05
2007-03-16,-4.608939026810184e-06
2007-03-19,-4.6271867161467426e-06
2007-03-20,-0.000636117999745398
2007-03-21,-4.661472666575068e-06
2007-03-22,-4.3905647329737824e-06
2007-03-23,-4.709243735410472e-06
2007-03-26,-4.627585316474726e-06
2007-03-27,-4.634520721899797e-06
2007-03-28,-4.728663598653321e-06
2007-03-29,-4.096891564502157e-06
2007-03-30,-4.683175100035283e-06
2007-04-02,-4.493082334814782e-06
2007-04-03,4.085387076403502e-06
2007-04-04,-5.01119981918084e-06
2007-04-05,-5.106309538244345e-06
2007-04-06,-4.9119174962889995e-06
2007-04-09,-4.823949466666138e-06
2007-04-10,-4.730408213633035e-06
2007-04-11,-4.730331118104939e-06
2007-04-12,-4.729766658577415e-06
2007-04-13,-4.835002083728307e-06
2007-04-16,-4.736663643593894e-06
2007-04-17,-4.737476366362608e-06
2007-04-18,-4.835015055025024e-06
2007-04-19,-4.834795793364576e-06
2007-04-20,-4.835361266201503e-06
2007-04-23,-4.836395806661435e-06
2007-04-24,-4.739854627399401e-06
2007-04-25,-4.739911590536666e-06
2007-04-26,-4.642814619446629e-06
2007-04-27,-4.7404361992257056e-06
2007-04-30,-4.741016861386502e-06
2007-05-01,-4.741843744624525e-06
2007-05-02,-4.742373058882277e-06
2007-05-03,-4.74261019896619e-06
2007-05-04,-4.741795460593616e-06
2007-05-07,-4.875462188728455e-06
2007-05-08,-4.775192035018732e-06
2007-05-09,-4.8744824137816015e-06
2007-05-10,-4.978948882897749e-06
2007-05-11,-4.776847271903772e-06
2007-05-14,-4.875977909693122e-06
2007-05-15,-4.875558229408515e-06
2007-05-16,-4.875221843931829e-06
2007-05-17,-4.874960852381412e-06
2007-05-18,-4.874755016254669e-06
2007-05-21,-4.593454899384778e-06
2007-05-22,-4.699079586116783e-06
2007-05-23,-4.6059781977130095e-06
2007-05-24,-4.6167528937787194e-06
2007-05-25,-4.633565435123082e-06
2007-05-29,-4.64621513043614e-06
2007-05-30,-4.665502160193608e-06
2007-05-31,-4.673547803837684e-06
2007-06-01,-4.685539691783869e-06
2007-06-04,-4.698331914854325e-06
2007-06-05,-4.703720297930398e-06
2007-06-06,-4.717758672981126e-06
2007-06-07,-4.730057054630598e-06
2007-06-08,-4.737751628455549e-06
2007-06-11,-4.746071365303819e-06
2007-06-12,-4.753975384912489e-06
2007-06-13,-4.7651870316859914e-06
2007-06-14,-2.3335576412144092e-05
2007-06-15,-4.7943797059230895e-06
2007-06-18,-4.806077370511399e-06
2007-06-19,-4.814193663116585e-06
2007-06-20,-4.823632720212184e-06
2007-06-21,-2.3131688673322863e-05
2007-06-22,-4.846148564836822e-06
2007-06-25,-4.853308825645045e-06
2007-06-26,-4.8610305865875405e-06
2007-06-27,-4.862563344945363e-06
2007-06-28,-0.000168495297771086
2007-06-29,-5.060260804324544e-06
2007-07-02,-4.7531945935983685e-06
2007-07-03,5.147113234010085e-06
2007-07-05,-4.72883647168267e-06
2007-07-06,-4.436377416975012e-06
2007-07-09,-4.5358734559732426e-06
2007-07-10,-4.4326387454746425e-06
2007-07-11,-4.723258807659238e-06
2007-07-12,-5.018146890738282e-06
2007-07-13,-4.433322569983598e-06
2007-07-16,-4.631000747500152e-06
2007-07-17,-4.730356997734456e-06
2007-07-18,-4.738918011436637e-06
2007-07-19,-4.738778418311732e-06
2007-07-20,-4.739942184163104e-06
2007-07-23,-4.5387441681876334e-06
2007-07-24,-4.7369878279967584e-06
2007-07-25,-4.755011988718096e-06
2007-07-26,-4.799954041554235e-06
2007-07-27,-3.738860282459162e-06
2007-07-30,-4.9478445510334635e-06
2007-07-31,-4.943165873784193e-06
2007-08-01,-4.7447838817636664e-06
2007-08-02,-4.545428201410698e-06
2007-08-03,-4.941456989412289e-06
2007-08-06,-4.112626959394965e-06
2007-08-07,-4.684417216947497e-06
2007-08-08,-5.6225869543927125e-06
2007-08-09,-4.810477372993029e-06
2007-08-10,-2.604444909185281e-06
2007-08-13,-4.086479878969765e-06
2007-08-14,-4.901009077025974e-06
2007-08-15,-3.9737068413531385e-06
2007-08-16,-2.0488045720461072e-06
2007-08-17,-3.7146883072229952e-06
2007-08-20,-5.035869647253078e-06
2007-08-21,-3.6727941968308363e-06
2007-08-22,-3.0650052150217686e-06
2007-08-23,-5.199981493192172e-06
2007-08-24,-4.643356215166059e-06
2007-08-27,-4.125464844242006e-06
2007-08-28,-5.7014115235479496e-06
2007-08-29,-4.335657061615661e-06
2007-08-30,-4.160481593500121e-06
2007-08-31,-3.6529378521730597e-06
2007-09-04,-4.887915942621033e-06
2007-09-05,-3.6767438856631287e-06
2007-09-06,-4.597485627574471e-06
2007-09-07,-5.954433244738019e-06
2007-09-10,-0.00013319524975006307
2007-09-11,-0.00033883774750667416
2007-09-12,0.00013081800539739506
2007-09-13,0.00010824018902841522
2007-09-14,0.00029799704596115354
2007-09-17,0.0002499365628188995
2007-09-18,4.714309950469316e-05
2007-09-19,-0.0006318514133321852
2007-09-20,-0.002388669317382142
2007-09-21,5.460507992356131e-05
2007-09-24,8.714790135362577e-05
2007-09-25,5.9085180775263256e-05
2007-09-26,9.01928333155739e-05
2007-09-27,-0.005749642008791399
2007-09-28,-0.00032889558959890144
2007-10-01,0.0003122021825689646
2007-10-02,0.0006872898893839493
2007-10-03,-0.0002620214746458157
2007-10-04,6.925932009386573e-05
2007-10-05,1.1392650345016696e-05
2007-10-09,0.0003465759398843156
2007-10-10,4.357018767520122e-05
2007-10-11,-0.00024420173340680023
2007-10-12,-0.00022217766301568868
2007-10-15,9.795259147502831e-05
2007-10-16,2.5895760253080117e-05
2007-10-17,-0.0003288876696491398
2007-10-18,-0.0004565734295714561
2007-10-19,-0.00016637780761029133
2007-10-22,-3.792054385602035e-05
2007-10-23,0.0004784077028994135
2007-10-24,0.00030107320018418684
2007-10-25,-0.00041844121239181315
2007-10-26,-5.302386335290037e-05
2007-10-29,0.00048013681032079726
2007-10-30,4.2904247106330076e-05
2007-10-31,-3.850168028272802e-05
2007-11-01,-0.00012195764104464755
2007-11-02,8.270277700630471e-05
2007-11-05,-0.0003766896580514472
2007-11-06,0.00028375093607620227
2007-11-07,1.564358115735399e-05
2007-11-08,-9.737376353777122e-05
2007-11-09,-9.250184339204068e-05
2007-11-13,-1.603408138276329e-05
2007-11-14,0.00030511743446978506
2007-11-15,0.00014015605579762645
2007-11-16,-0.0004501662388714435
2007-11-19,-9.11346841618166e-05
2007-11-20,0.00038282167822095307
2007-11-21,-0.00020276832931808033
2007-11-23,3.53096714967565e-05
2007-11-26,-9.775039106440408e-05
2007-11-27,0.00017045704127546273
2007-11-28,-0.00016181835035305992
2007-11-29,0.0001829740967760083
2007-11-30,-0.00031432754708823077
2007-12-03,-2.1145825092507868e-05
2007-12-04,0.00024475614585312537
2007-12-05,3.328631938120942e-05
2007-12-06,4.51660765137378e-06
2007-12-07,8.204268046566577e-05
2007-12-10,-0.00014990725294710913
2007-12-11,5.623767482714194e-05
2007-12-12,-0.00012603896470605116
2007-12-13,0.00014764696449544445
2007-12-14,-5.7525167663036736e-05
2007-12-17,6.046873911078081e-08
2007-12-18,2.3649271257739933e-06
2007-12-19,-7.931304156021354e-05
2007-12-20,-3.6231941187822573e-06
2007-12-21,-4.137451853149674e-05
2007-12-24,2.9771253486491952e-05
2007-12-26,0.00023709429228046806
2007-12-27,-0.0001788439707076193
2007-12-28,-0.0008115745420575793
2007-12-31,-0.0005948722685352182
2008-01-02,0.001756509498968869
2008-01-03,-0.0005210947305414627
2008-01-04,-0.0003685563697793516
2008-01-07,0.0004615969783655731
2008-01-08,-0.0002574011696255143
2008-01-09,0.0005370577735638509
2008-01-10,-0.00025493603427708333
2008-01-11,-0.000262610449029839
2008-01-14,-0.0013919368147217693
2008-01-15,-0.00021424853882837395
2008-01-16,0.00020939558479813935
2008-01-17,-0.00013624506922909268
2008-01-18,-0.0006200239879515141
2008-01-22,-0.0013154866412226403
2008-01-23,-0.0047684575285059615
2008-01-24,-0.0008115693231256467
2008-01-25,0.004279505326722567
2008-01-28,1.9482066378957372e-05
2008-01-29,-0.0018284326319622408
2008-01-30,0.0005894276905269589
2008-01-31,0.0002073822319643847
2008-02-01,-0.0007804312696350121
2008-02-04,0.0008412145094539846
2008-02-05,-1.8095503167774382e-05
2008-02-06,-0.0003258076956317096
2008-02-07,-0.0003420159770295998
2008-02-08,0.0006842047859562839
2008-02-11,-0.00015011320150613015
2008-02-12,-0.00015786125512915722
2008-02-13,0.0002486874501020089
2008-02-14,-0.0001636437593563725
2008-02-15,-0.0001042047412368526
2008-02-19,0.00014090835671153802
2008-02-20,0.0004740927613297486
2008-02-21,0.00029035648718387936
2008-02-22,5.33563899579387e-05
2008-02-25,0.0002458386454294178
2008-02-26,0.00026246765291734
2008-02-27,0.00023086703789188022
2008-02-28,-0.00011505974548290846
2008-02-29,-8.559753011860166e-05
2008-03-03,-0.00042451568646347665
2008-03-04,2.9739826062389615e-05
2008-03-05,0.00024453176333170273
2008-03-06,0.00041565090485274936
2008-03-07,-5.7596468844626624e-05
2008-03-10,-0.0002818919909794677
2008-03-11,0.00022979560571865414
2008-03-12,0.0009576196833396423
2008-03-13,8.360581893217408e-05
2008-03-14,-7.80372129001285e-06
2008-03-17,-0.0007825899206908275
2008-03-18,-0.00042237130789514194
2008-03-19,0.0006490335647528134
2008-03-20,0.00024115845545332794
2008-03-24,0.0002602377803898628
2008-03-25,0.00022486132086725242
2008-03-26,0.00012437917371650414
2008-03-27,0.00017617045397425027
2008-03-28,-0.006606579848289136
2008-03-31,-0.0007238199633275494
2008-04-01,0.00014623212066924816
2008-04-02,0.0010799786552788352
2008-04-03,0.0009673250211825765
2008-04-04,0.0008007722446100418
2008-04-07,-1.1565737451523243e-05
2008-04-08,0.00044421903888201846
2008-04-09,-0.00023581559256301648
2008-04-10,0.0008988980005458907
2008-04-11,0.00020985583943853474
2008-04-14,0.00013271659982263054
2008-04-15,0.0005227051796962308
2008-04-16,0.0006321464149505525
2008-04-17,0.00038433955631354073
2008-04-18,0.0005906072979627018
2008-04-21,0.00063316676267424
2008-04-22,0.00021592394121615772
2008-04-23,0.0005211321351852462
2008-04-24,2.5275331595832828e-05
2008-04-25,5.456293627839935e-05
2008-04-28,0.00016754607769498437
2008-04-29,-3.437863441032355e-05
2008-04-30,2.4326673473604884e-05
2008-05-01,-0.0004225761813710343
2008-05-02,4.5212323205888255e-06
2008-05-05,0.0001590838216427283
2008-05-06,8.076637708196975e-05
2008-05-07,6.849503564603692e-05
2008-05-08,5.851500789450094e-05
2008-05-09,6.48400130945386e-06
2008-05-12,5.154076798264128e-05
2008-05-13,8.8772275011915e-05
2008-05-14,8.1155587531827e-05
2008-05-15,4.6885045739048267e-05
2008-05-16,3.830396729388366e-05
2008-05-19,5.7044347031740134e-05
2008-05-20,-1.931115011248884e-05
2008-05-21,-1.103644477624377e-06
2008-05-22,7.440073994592002e-06
2008-05-23,4.989702607409501e-06
2008-05-27,1.1045615358345493e-06
2008-05-28,4.6617595335836555e-05
2008-05-29,5.5907588930767176e-05
2008-05-30,5.254219539980036e-05
2008-06-02,3.181784971105539e-05
2008-06-03,-1.6453275452430735e-05
2008-06-04,-9.550941566091222e-06
2008-06-05,-2.6528895092308614e-06
2008-06-06,-3.914269031288898e-06
2008-06-09,-4.266533482823468e-06
2008-06-10,-2.218562593876181e-05
2008-06-11,4.98816030801704e-05
2008-06-12,1.648729462662297e-05
2008-06-13,3.996638678255489e-06
2008-06-16,5.987104345795339e-05
2008-06-17,9.734420244826008e-05
2008-06-18,-4.094898748767624e-05
2008-06-19,-4.830975871305923e-06
2008-06-20,-9.638519078063187e-05
2008-06-23,-1.2812150666418549e-05
2008-06-24,-1.3824597918077824e-05
2008-06-25,-3.9942157828952224e-05
2008-06-26,-5.0905733557425776e-05
2008-06-27,0.0011417165598691385
2008-06-30,-5.875964935377477e-05
2008-07-01,8.893256250947004e-05
2008-07-02,-0.00018602424728783202
2008-07-03,-0.00013884064568536384
2008-07-07,-0.00029714238811534154
2008-07-08,-0.00024087206580261585
2008-07-09,-7.584033968884458e-05
2008-07-10,-2.2149540765224826e-05
2008-07-11,-6.730671502601944e-05
2008-07-14,2.217799872867666e-05
2008-07-15,-0.00012675616315370903
2008-07-16,-0.00029950486865730204
2008-07-17,-4.4984482475359146e-05
2008-07-18,0.00011969149831330581
2008-07-21,0.00010428692808170925
2008-07-22,-1.896949022732476e-05
2008-07-23,3.6725442299996885e-05
2008-07-24,8.843414226112413e-05
2008-07-25,-0.00022137938932313656
2008-07-28,-5.359939117543762e-05
2008-07-29,-6.223665020625672e-05
2008-07-30,4.431835425367447e-05
2008-07-31,-0.00013508917794639337
2008-08-01,-0.00011308347820379376
2008-08-04,-3.600584733199132e-05
2008-08-05,-4.781078338117322e-05
2008-08-06,-9.849046020433025e-05
2008-08-07,-5.00221304465058e-05
2008-08-08,-7.18895837356462e-05
2008-08-11,-2.5209869449104274e-05
2008-08-12,-2.1471325244712312e-05
2008-08-13,-1.3335859820845833e-05
2008-08-14,-9.088130451712443e-06
2008-08-15,-6.861468660638956e-05
2008-08-18,-6.469523759609618e-05
2008-08-19,-2.169816443964324e-05
2008-08-20,-6.43797817743967e-05
2008-08-21,-1.7904472321976747e-05
2008-08-22,-1.4569625417970209e-05
2008-08-25,3.198958263575055e-05
2008-08-26,-1.3600485596956368e-05
2008-08-27,-1.6340728589453688e-05
2008-08-28,-2.0960004571418743e-05
2008-08-29,-1.9597581119699838e-05
2008-09-02,-2.989813440197611e-05
2008-09-03,-2.0425960812106497e-05
2008-09-04,-4.649705462072911e-05
2008-09-05,-4.684677599167593e-05
2008-09-08,-4.914676789045681e-05
2008-09-09,-9.109471476538634e-05
2008-09-10,-7.014125228470443e-05
2008-09-11,-6.820323018072628e-05
2008-09-12,-8.623141869340416e-05
2008-09-15,-1.8379185542981527e-05
2008-09-16,-0.0005629604824487426
2008-09-17,0.00021398298268976977
2008-09-18,-0.0005061653572247646
2008-09-19,0.000490751473136901
2008-09-22,0.000569154104086053
2008-09-23,-0.00016625561638185596
2008-09-24,-0.0004005356747603677
2008-09-25,-0.00026908379102140353
2008-09-26,-0.0002636027358074483
2008-09-29,-0.0022219741407582465
2008-09-30,-0.0009308918456870465
2008-10-01,0.0012102901395248543
2008-10-02,-0.00016544581814658646
2008-10-03,-0.0012064146621458562
2008-10-06,-0.0002785575111344281
2008-10-07,-0.000645772867057255
2008-10-08,0.0004926491724532279
2008-10-09,-0.0008683384228002682
2008-10-10,0.0003175427467318547
2008-10-13,-0.0004950522334219332
2008-10-14,0.0006003670463789703
2008-10-15,0.0003382093194356535
2008-10-16,-0.00021701923309905687
2008-10-17,0.00015810081829272123
2008-10-20,0.0007014071025002514
2008-10-21,0.00032982686228496454
2008-10-22,-0.0003713931390921674
2008-10-23,-0.00038456102474896585
2008-10-24,-0.00013283105663311023
2008-10-27,-0.0004810259072877839
2008-10-28,6.332882912225558e-05
2008-10-29,8.888011408406473e-06
2008-10-30,-0.0005243368976406595
2008-10-31,-0.0006914104038115232
2008-11-03,0.0002656636528639691
2008-11-04,2.697691175388697e-06
2008-11-05,-0.0002674587007251301
2008-11-06,0.00013859006135630866
2008-11-07,9.456028651319266e-05
2008-11-10,0.00027737647096915546
2008-11-11,0.0001109064046253472
2008-11-12,9.319254088602409e-05
2008-11-13,0.0005163476090369874
2008-11-14,0.0005544309319296522
2008-11-17,0.0002616524458414041
2008-11-18,8.353678861084868e-05
2008-11-19,-8.430039611212569e-05
2008-11-20,0.00021578869058731443
2008-11-21,8.878392249858468e-05
2008-11-24,0.000633837120033105
2008-11-25,0.0005100071312136344
2008-11-26,-0.00023197574373683453
2008-11-28,3.2215341578582194e-06
2008-12-01,3.1246942840909775e-05
2008-12-02,0.00017855352485392383
2008-12-03,9.416923258947266e-05
2008-12-04,-0.0003319917858989774
2008-12-05,-0.00016106135972005742
2008-12-08,-0.00033347502846685037
2008-12-09,-0.00017951221775710274
2008-12-10,-7.473873629580724e-05
2008-12-11,0.00013561893527068544
2008-12-12,8.89405561836456e-05
2008-12-15,0.00024243893456259153
2008-12-16,0.00032608669076030806
2008-12-17,-0.00032752999265996965
2008-12-18,0.0002299517971347602
2008-12-19,5.174999682750259e-05
2008-12-22,0.0001034719790370649
2008-12-23,0.00012074123204170592
2008-12-24,9.431742078643303e-05
2008-12-26,8.193498526376019e-05
2008-12-29,8.560326066163305e-05
2008-12-30,0.0005315320327488974
2008-12-31,1.4304622524197587e-05
2009-01-02,0.000222343172105296
2009-01-05,-0.00010272999171547531
2009-01-06,0.00017547042864076971
2009-01-07,-0.00012499222668986933
2009-01-08,-7.148384914114097e-05
2009-01-09,1.5069823603499474e-05
2009-01-12,5.312339321400018e-05
2009-01-13,-0.00010165668639810611
2009-01-14,-3.0470751965326698e-05
2009-01-15,1.545155837596619e-05
2009-01-16,0.00011259494037810769
2009-01-20,2.733548021868976e-05
2009-01-21,2.966780092482943e-05
2009-01-22,0.000193136030531691
2009-01-23,0.0001864562479936184
2009-01-26,0.0002469989690127177
2009-01-27,-9.128803704969892e-05
2009-01-28,-0.00011564689060913978
2009-01-29,-0.00014015793611330042
2009-01-30,-4.6771423030628014e-05
2009-02-02,0.00036981780650561933
2009-02-03,-2.9803353176101495e-05
2009-02-04,-0.00015416515833978331
2009-02-05,4.264737330237633e-05
2009-02-06,-4.648524410960221e-05
2009-02-09,-4.2064607342217583e-05
2009-02-10,5.231657837155997e-05
2009-02-11,-7.2526801194584e-05
2009-02-12,-2.3711135944672325e-05
2009-02-13,-0.00010769453319384913
2009-02-17,-3.35972436069705e-05
2009-02-18,-1.945497683761142e-05
2009-02-19,-9.198087500627281e-05
2009-02-20,-0.0002504124549336536
2009-02-23,-0.00011134987884409573
2009-02-24,-4.052099997741973e-05
2009-02-25,8.181370059115266e-05
2009-02-26,9.529955952733452e-05
2009-02-27,-4.335165235079316e-05
2009-03-02,-1.5864033809209368e-05
2009-03-03,-2.383161979055265e-05
2009-03-04,-5.767893508830426e-05
2009-03-05,-6.32526315830097e-05
2009-03-06,-2.1533183791209145e-05
2009-03-09,-2.3785459217594872e-05
2009-03-10,2.9756622242432247e-05
2009-03-11,-3.993559344197328e-05
2009-03-12,-6.012928336272316e-05
2009-03-13,-9.099066744344534e-05
2009-03-16,-0.00015853015343630575
2009-03-17,-4.741946954776902e-05
2009-03-18,3.4849085128727734e-05
2009-03-19,-2.3889167835764425e-05
2009-03-20,-2.336843450018206e-05
2009-03-23,-2.9122833461990545e-05
2009-03-24,-1.140593715014669e-05
2009-03-25,-1.2424252958748588e-05
2009-03-26,-1.4123186513049637e-05
2009-03-27,-2.8553054662609128e-05
2009-03-30,0.0005129399866151527
2009-03-31,-8.371713814378599e-05
2009-04-01,-6.478731055305109e-05
2009-04-02,-9.992469022367276e-05
2009-04-03,-5.1539269967927674e-05
2009-04-06,-5.746626375303495e-05
2009-04-07,-7.53782088627732e-05
2009-04-08,-7.740801587029477e-05
2009-04-09,-9.440776798121231e-05
2009-04-13,-0.00010839127801148257
2009-04-14,-5.689415745289402e-05
2009-04-15,-9.371619267165862e-05
2009-04-16,-3.143213521020442e-05
2009-04-17,-8.626231175487033e-06
2009-04-20,-1.8943788658509932e-06
2009-04-21,-1.2448925695674401e-05
2009-04-22,-1.4126172630949193e-05
2009-04-23,-8.546510071149074e-06
2009-04-24,-2.060055519117243e-05
2009-04-27,-1.9720899925241078e-05
2009-04-28,-1.114493219213497e-05
2009-04-29,-2.2459900497761315e-05
2009-04-30,-1.9830911715105614e-05
2009-05-01,-1.6067624626476895e-05
2009-05-04,0.0001549033932355601
2009-05-05,-5.694440786424061e-05
2009-05-06,-0.00011095036183822418
2009-05-07,-3.901994798401582e-05
2009-05-08,-3.101133430358657e-05
2009-05-11,-0.00011594123666477386
2009-05-12,-2.620438582509348e-05
2009-05-13,-1.8836642541420133e-05
2009-05-14,-7.992125204177532e-06
2009-05-15,1.4880728327337646e-05
2009-05-18,-5.5828987486511305e-05
2009-05-19,3.071828005928695e-05
2009-05-20,-2.896657957317074e-05
2009-05-21,-2.5862068098718505e-05
2009-05-22,-1.647796749738237e-05
2009-05-26,-2.754350397954823e-05
2009-05-27,-2.9617227520290156e-05
2009-05-28,-1.8544556215509703e-05
2009-05-29,-0.00011861020663628168
2009-06-01,-2.5592416956468126e-05
2009-06-02,-2.7360675419558765e-06
2009-06-03,2.4199295074651362e-05
2009-06-04,2.818620972935091e-05
2009-06-05,9.315638662198852e-05
2009-06-08,-2.302895549082227e-05
2009-06-09,5.573470760500548e-05
2009-06-10,-0.00010512444624625285
2009-06-11,-8.391683572570499e-05
2009-06-12,-0.00011500097342294756
2009-06-15,-0.0001061901541137281
2009-06-16,-3.470272260664716e-05
2009-06-17,4.707053473084857e-05
2009-06-18,4.34638804891968e-05
2009-06-19,9.917070778998518e-05
2009-06-22,-3.974422815889125e-06
2009-06-23,-1.00491658947783e-05
2009-06-24,-4.119369158353739e-05
2009-06-25,-7.040855683966209e-05
2009-06-26,-0.00010861634138483185
2009-06-29,0.0002648093255556613
2009-06-30,2.36120247520903e-05
2009-07-01,-1.2444214007354716e-05
2009-07-02,-8.257344571175122e-05
2009-07-06,-0.00017070430772433114
2009-07-07,-9.707757796744999e-05
2009-07-08,-8.215544108590818e-05
2009-07-09,-5.79415576268797e-05
2009-07-10,-5.620915736065336e-06
2009-07-13,-7.49339524747795e-05
2009-07-14,-9.576230428301078e-07
2009-07-15,-7.005963972312833e-06
2009-07-16,-1.9265530423276532e-05
2009-07-17,-6.548612469156596e-06
2009-07-20,-3.9629345975978704e-05
2009-07-21,-2.878898336578591e-05
2009-07-22,-2.101083209478938e-05
2009-07-23,1.0879581216961023e-06
2009-07-24,-2.0841477553015726e-05
2009-07-27,9.989968992450364e-07
2009-07-28,3.729915758660998e-09
2009-07-29,-2.3059003725195815e-05
2009-07-30,-4.345715496443564e-06
2009-07-31,-2.1499790494468157e-06
2009-08-03,-4.421467894047035e-06
2009-08-04,-2.5097353446513783e-05
2009-08-05,-6.705308844491424e-06
2009-08-06,-2.6073268534953425e-05
2009-08-07,-7.062200030268713e-05
2009-08-10,-2.8021714820507082e-05
2009-08-11,-7.106874646767164e-05
2009-08-12,-7.1383973463204e-05
2009-08-13,-7.070643783177046e-05
2009-08-14,-2.128581418156077e-05
2009-08-17,-1.8009647719026113e-05
2009-08-18,-1.6127046362635854e-05
2009-08-19,-1.0846918454353406e-05
2009-08-20,-3.737811520196947e-05
2009-08-21,-5.120007242332864e-07
2009-08-24,-8.544763383978136e-06
2009-08-25,8.076070320756358e-06
2009-08-26,1.4378177476496143e-05
2009-08-27,-4.009786711600374e-06
2009-08-28,9.206641843999339e-06
2009-08-31,8.32206081255489e-06
2009-09-01,-1.0207036829584611e-05
2009-09-02,-5.071249620503981e-05
2009-09-03,-5.8230764021487084e-05
2009-09-04,-1.5534195632722177e-05
2009-09-08,-5.338329536480389e-05
2009-09-09,-1.7040006809920777e-05
2009-09-10,-2.853941438650487e-05
2009-09-11,-2.6062974412573797e-06
2009-09-14,1.0313282663982957e-06
2009-09-15,-5.918797010470776e-06
2009-09-16,5.577022601424606e-05
2009-09-17,1.1810913562028839e-06
2009-09-18,-1.054464201867434e-05
2009-09-21,-1.300719310503871e-05
2009-09-22,-1.3428881361400364e-05
2009-09-23,-4.185109344027177e-05
2009-09-24,-2.1587593106518707e-05
2009-09-25,-2.0745841328265016e-05
2009-09-28,-3.713956009124058e-05
2009-09-29,0.00020561365327651543
2009-09-30,-8.191808782274067e-06
2009-10-01,-5.2494196978252505e-05
2009-10-02,-0.00015674415757290286
2009-10-05,3.3806443716499356e-06
2009-10-06,-6.807920430073109e-05
2009-10-07,-2.3313566044836063e-05
2009-10-08,-1.7913953960700713e-05
2009-10-09,2.67734545394998e-08
2009-10-12,2.289567504232825e-05
2009-10-13,-1.0283224466532922e-05
2009-10-14,-5.637228784240154e-05
2009-10-15,-1.4417015641826404e-05
2009-10-16,-2.89973787689532e-05
2009-10-19,7.210951427194488e-05
2009-10-20,3.293277782140102e-05
2009-10-21,-1.7654066157532534e-05
2009-10-22,-6.12547944354755e-05
2009-10-23,-7.415694306918923e-05
2009-10-26,-3.3638031044665115e-05
2009-10-27,-2.341426115914232e-05
2009-10-28,-0.00010691947886377307
2009-10-29,-0.0001064080883092833
2009-10-30,-6.179643879235543e-06
2009-11-02,3.3070357431086815e-06
2009-11-03,1.3080665735408475e-05
2009-11-04,1.6908437097985663e-05
2009-11-05,1.7345019888625686e-05
2009-11-06,-2.770148478492613e-05
2009-11-09,7.890024259868183e-06
2009-11-10,1.256558360044732e-05
2009-11-11,-2.677634748429249e-05
2009-11-12,7.684592271307515e-06
2009-11-13,2.41964475787647e-07
2009-11-16,2.712815060285134e-06
2009-11-17,-4.344768740083245e-05
2009-11-18,-2.630173704554694e-06
2009-11-19,5.003734075255964e-06
2009-11-20,-9.605363142641966e-05
2009-11-23,-7.354282636055765e-06
2009-11-24,-4.82978554980092e-06
2009-11-25,-2.837835394688847e-06
2009-11-27,-4.166649061246466e-06
2009-11-30,3.82858687704385e-05
2009-12-01,4.9941258265261806e-05
2009-12-02,-2.333711886201097e-06
2009-12-03,4.204056352847171e-06
2009-12-04,6.472287020052012e-06
2009-12-07,-8.014085242828261e-07
2009-12-08,-2.073264213474075e-05
2009-12-09,-4.6047332674132885e-05
2009-12-10,-1.9316978827717023e-05
2009-12-11,-1.9069069251761213e-05
2009-12-14,-1.877558766515947e-05
2009-12-15,1.9326454334608073e-05
2009-12-16,4.2283830947363016e-05
2009-12-17,-5.447137667760626e-05
2009-12-18,-1.5407961017720104e-05
2009-12-21,-2.281646500394661e-05
2009-12-22,-2.0341855732752603e-05
2009-12-23,-3.742709580068323e-05
2009-12-24,-5.708061372983159e-05
2009-12-28,-3.445948103961324e-05
2009-12-29,-4.8453674387153534e-05
2009-12-30,0.0007054628772162913
2009-12-31,-9.899967825592246e-05
2010-01-04,-6.223614560277099e-05
2010-01-05,-0.00015768729211376576
2010-01-06,-0.0001682002667711964
2010-01-07,-9.157684419536898e-05
2010-01-08,-0.00010492847994682798
2010-01-11,-0.0001414160145131484
2010-01-12,-8.897519082984816e-05
2010-01-13,-8.013818140294967e-05
2010-01-14,-6.768649993272235e-05
2010-01-15,-7.229928680408999e-05
2010-01-19,-5.5495652169798955e-05
2010-01-20,-7.035563278892956e-05
2010-01-21,-3.6154520088798e-05
2010-01-22,-5.993359923462452e-05
2010-01-25,-1.1921813402690218e-07
2010-01-26,-2.1632481914588017e-05
2010-01-27,4.792361479515891e-05
2010-01-28,1.8895120095655877e-05
2010-01-29,-3.941503797321523e-06
2010-02-01,-7.033275572753203e-05
2010-02-02,-3.282885845670137e-05
2010-02-03,-2.9118918091881898e-05
2010-02-04,5.2705043959674453e-05
2010-02-05,1.263876045765702e-05
2010-02-08,-8.230411759580614e-06
2010-02-09,-2.0975455630966375e-05
2010-02-10,-1.3041089496340163e-05
2010-02-11,-5.522212974362313e-06
2010-02-12,-9.359714494376801e-05
2010-02-16,2.90420956158302e-06
2010-02-17,-3.812787013530693e-05
2010-02-18,-8.814745074743087e-07
2010-02-19,8.046068029289564e-06
2010-02-22,5.347199002949701e-05
2010-02-23,1.4864783388035294e-06
2010-02-24,-9.364789302944951e-06
2010-02-25,-1.3676447062725289e-05
2010-02-26,-1.022841998794708e-05
2010-03-01,-4.603672016990858e-05
2010-03-02,-9.271329576254075e-06
2010-03-03,-1.811103120675416e-06
2010-03-04,3.3084356360173274e-05
2010-03-05,8.881666425439481e-05
2010-03-08,5.2373276084673936e-05
2010-03-09,-8.372446381480221e-05
2010-03-10,-0.00016901778086808367
2010-03-11,-9.35757694158038e-05
2010-03-12,-3.559746334553526e-05
2010-03-15,3.4688505619821135e-05
2010-03-16,1.7056728463088856e-05
2010-03-17,-4.9485126671765306e-05
2010-03-18,-9.169555331456169e-05
2010-03-19,-5.472478571056369e-05
2010-03-22,-3.846262183329995e-05
2010-03-23,-6.039223913494113e-05
2010-03-24,-8.148625329057383e-05
2010-03-25,-5.326116634627684e-05
2010-03-26,-4.015105380678693e-05
2010-03-29,-3.561448249153272e-05
2010-03-30,0.000416585290403786
2010-03-31,-4.073602242178246e-06
2010-04-01,-8.331742247644905e-05
2010-04-02,-0.00011696078516366338
2010-04-05,6.222567338030854e-05
2010-04-06,8.003477344727834e-05
2010-04-07,-8.092501360555082e-05
2010-04-08,-0.00010010250373954022
2010-04-09,-4.4801941976664605e-05
2010-04-12,-3.388558047377267e-05
2010-04-13,-1.407843547739176e-05
2010-04-14,2.469815698051995e-05
2010-04-15,-3.610845519227988e-05
2010-04-16,-1.2872933123645703e-05
2010-04-19,-7.630464815989803e-05
2010-04-20,-1.5460062614188222e-05
2010-04-21,-5.930777649636906e-06
2010-04-22,-1.0201758772684217e-05
2010-04-23,3.450180365395498e-05
2010-04-26,3.1639000407943224e-05
2010-04-27,-1.255257005580653e-05
2010-04-28,-2.61782184236944e-05
2010-04-29,-2.3772523312715287e-05
2010-04-30,-3.0083822645363988e-06
2010-05-03,-5.604436821973082e-06
2010-05-04,-5.920706188564054e-05
2010-05-05,-5.941685056620175e-06
2010-05-06,-5.255833709184432e-06
2010-05-07,5.446146622927603e-05
2010-05-10,8.532383228668938e-07
2010-05-11,-5.750123494237977e-05
2010-05-12,-5.473302953941654e-05
2010-05-13,-4.7097312568527044e-05
2010-05-14,1.8380079501866282e-05
2010-05-17,1.115106585721239e-05
2010-05-18,1.3476556951003096e-05
2010-05-19,8.124909027635036e-06
2010-05-20,5.082810346877396e-05
2010-05-21,1.3166653575771129e-05
2010-05-24,-4.189452035709536e-05
2010-05-25,-6.764564940332696e-06
2010-05-26,6.180392431379758e-06
2010-05-27,2.019878586438251e-05
2010-05-28,-7.820801408963394e-07
2010-06-01,4.624384499293071e-05
2010-06-02,7.308171768916919e-06
2010-06-03,-5.3141289283751235e-05
2010-06-04,-1.0780843169513449e-05
2010-06-07,-6.666475043692733e-05
2010-06-08,1.3974034854430965e-05
2010-06-09,-4.363484857026474e-05
2010-06-10,-2.9052523647446255e-05
2010-06-11,-5.529439103977895e-05
2010-06-14,1.212031099579793e-05
2010-06-15,4.052050212090863e-05
2010-06-16,2.8869270992694655e-05
2010-06-17,1.771064029146737e-05
2010-06-18,1.5124257295979993e-05
2010-06-21,1.9708205209392358e-05
2010-06-22,-1.3062085677878959e-05
2010-06-23,-8.889786828683723e-06
2010-06-24,1.116764218404927e-05
2010-06-25,-7.500688718297884e-06
2010-06-28,-8.265077636163184e-06
2010-06-29,0.00023646187536492566
2010-06-30,5.8953378487702e-05
2010-07-01,-1.1255806730074456e-05
2010-07-02,-7.661009279236181e-05
2010-07-06,-8.373864334536051e-05
2010-07-07,4.129718549896501e-06
2010-07-08,-8.984293566810331e-05
2010-07-09,-6.2928794150096484e-06
2010-07-12,-1.3904832148728267e-05
2010-07-13,-2.3253015342594178e-05
2010-07-14,-5.2297085113806524e-05
2010-07-15,-1.801952042187266e-05
2010-07-16,-5.3016723516691175e-05
2010-07-19,9.629361946856625e-06
2010-07-20,3.468053327368238e-06
2010-07-21,6.984672213411823e-06
2010-07-22,-3.199632141175258e-05
2010-07-23,-3.0507134513765257e-06
2010-07-26,1.7952454477834503e-05
2010-07-27,2.1115839992325304e-05
2010-07-28,5.597406877078459e-05
2010-07-29,5.542662721990508e-06
2010-07-30,8.111395566131763e-06
2010-08-02,-2.5303598759243946e-05
2010-08-03,-5.910148767366484e-05
2010-08-04,-5.0355999912920165e-05
2010-08-05,-6.406205557077628e-06
2010-08-06,1.3902169866597867e-05
2010-08-09,-3.941573456166314e-05
2010-08-10,-8.650375386984948e-06
2010-08-11,1.124327106862002e-06
2010-08-12,1.4000148725055884e-05
2010-08-13,-1.5915582893309435e-06
2010-08-16,-9.673704507676247e-06
2010-08-17,-5.183593660074659e-05
2010-08-18,3.8618777275522166e-05
2010-08-19,-1.3805286143066087e-05
2010-08-20,-1.2330601413439055e-05
2010-08-23,-1.0127897338125436e-05
2010-08-24,-7.180834336153582e-05
2010-08-25,-4.144191218553539e-06
2010-08-26,-1.9954086659090415e-05
2010-08-27,1.3202356668115796e-05
2010-08-30,-2.249714537439301e-05
2010-08-31,-4.437844207044181e-06
2010-09-01,1.8169934424875477e-05
2010-09-02,-3.993988666515864e-05
2010-09-03,-2.154500715706802e-05
2010-09-07,-2.8346696164297202e-05
2010-09-08,-3.438530092419979e-05
2010-09-09,-9.332757164573503e-06
2010-09-10,-5.012781156806917e-06
2010-09-13,-2.7271644750169097e-05
2010-09-14,-5.44268470004353e-05
2010-09-15,-2.3907997114818213e-05
2010-09-16,-1.4667239693589879e-05
2010-09-17,-2.5612238820169713e-05
2010-09-20,2.698148808720748e-05
2010-09-21,-4.096821364708466e-05
2010-09-22,-4.792130958081944e-05
2010-09-23,-4.4426787675823395e-05
2010-09-24,-3.785251441303742e-05
2010-09-27,-9.759087402508545e-07
2010-09-28,-5.207462881348708e-05
2010-09-29,-0.00020055006686646256
2010-09-30,-2.5528141284218005e-05
2010-10-01,-4.376696369278564e-05
2010-10-04,-0.00035765341979179875
2010-10-05,-7.27988487119844e-06
2010-10-06,-1.526835192725666e-05
2010-10-07,-1.9412380648671627e-05
2010-10-08,-2.6411187264001152e-05
2010-10-11,3.898670502605542e-06
2010-10-12,-1.4075220525543312e-05
2010-10-13,1.6962420131474347e-05
2010-10-14,-5.7469418371423795e-06
2010-10-15,-6.274395906241853e-06
2010-10-18,-5.187127160442634e-06
2010-10-19,-5.2372611013582315e-06
2010-10-20,-6.609538841957663e-06
2010-10-21,-8.099821819014685e-06
2010-10-22,3.8225483283851876e-05
2010-10-25,-2.8181110941342315e-05
2010-10-26,-2.6730287693511788e-05
2010-10-27,-1.4357987201270397e-05
2010-10-28,0.00011628385624030637
2010-10-29,-5.195743670732214e-05
2010-11-01,-6.685500063016614e-05
2010-11-02,-1.1381016483498318e-05
2010-11-03,-3.837900054859987e-05
2010-11-04,-3.7426144511070025e-05
2010-11-05,-3.224968104544266e-05
2010-11-08,-1.3438451929489636e-05
2010-11-09,-3.3980578391990955e-05
2010-11-10,-2.696659569070361e-05
2010-11-11,-5.900014364734472e-05
2010-11-12,-1.4035504559463936e-05
2010-11-15,4.004596019723443e-06
2010-11-16,6.986911735121958e-05
2010-11-17,-1.7821614603104024e-05
2010-11-18,5.101048156400046e-06
2010-11-19,-1.758527970511884e-05
2010-11-22,-2.8088819822025353e-06
2010-11-23,9.8738998115707e-06
2010-11-24,1.2118303612946389e-05
2010-11-26,-3.63546616950754e-05
2010-11-29,3.4822103352963564e-07
2010-11-30,-2.3930649988597016e-05
2010-12-01,2.7505210006820455e-06
2010-12-02,-2.5525084618065857e-05
2010-12-03,9.275218082998773e-06
2010-12-06,-5.459364104166477e-06
2010-12-07,-3.308955434987709e-06
2010-12-08,-5.496168130587556e-06
2010-12-09,-5.4387040774908475e-06
2010-12-10,-4.909602204995328e-06
2010-12-13,-5.058294185100202e-06
2010-12-14,6.918609807970608e-06
2010-12-15,3.417089252278753e-07
2010-12-16,8.03566992149389e-06
2010-12-17,-3.707004340801463e-06
2010-12-20,-4.822356063800354e-06
2010-12-21,-1.4333650942705715e-05
2010-12-22,5.942440582572273e-06
2010-12-23,-1.1039710348568812e-05
2010-12-27,1.9323532711278883e-06
2010-12-28,-1.755524277192693e-05
2010-12-29,-4.4733040316673086e-06
2010-12-30,1.649363413790117e-05
2010-12-31,1.4670031345719626e-06
2011-01-03,-1.7854914134473164e-05
2011-01-04,-1.2379187937003916e-05
2011-01-05,-5.300123805239165e-06
2011-01-06,-5.0787440369718715e-06
2011-01-07,-5.028788705927717e-06
2011-01-10,-5.112676041039913e-06
2011-01-11,-7.544076802338504e-05
2011-01-12,1.3550690357827664e-05
2011-01-13,1.1189040186489669e-05
2011-01-14,4.823527825746507e-07
2011-01-18,2.05346135557426e-06
2011-01-19,-3.053192647007029e-05
2011-01-20,2.2460315601655292e-05
2011-01-21,5.428584689014955e-06
2011-01-24,1.3113578891503965e-05
2011-01-25,-5.06488788129306e-06
2011-01-26,-4.7219446692685855e-06
2011-01-27,-4.9330640071106486e-06
2011-01-28,-3.6869516649578455e-05
2011-01-31,5.453604892380586e-07
2011-02-01,-3.829187675090068e-06
2011-02-02,2.0028304847436464e-05
2011-02-03,-5.084228531136238e-06
2011-02-04,-5.349495200427456e-06
2011-02-07,-5.310923094529708e-06
2011-02-08,3.0972574646721064e-05
2011-02-09,-1.3408627612743684e-05
2011-02-10,-7.002710785703679e-06
2011-02-11,-3.64414133268e-05
2011-02-14,-2.6965633099818264e-05
2011-02-15,-7.664820359457037e-06
2011-02-16,-2.0097804699284774e-05
2011-02-17,1.0526300628240537e-05
2011-02-18,-2.489928148751643e-05
2011-02-22,-2.2045704352607845e-05
2011-02-23,1.558333892281858e-05
2011-02-24,3.021999588694998e-05
2011-02-25,-5.385845904570258e-06
2011-02-28,7.934893362486338e-07
2011-03-01,-5.261900887382492e-06
2011-03-02,-5.2282591456680955e-06
2011-03-03,-5.156552805964449e-06
2011-03-04,-5.147604150869462e-06
2011-03-07,-5.22340577594651e-06
2011-03-08,-5.214657556655219e-06
2011-03-09,-1.591094496213913e-05
2011-03-10,-8.635957688305403e-06
2011-03-11,-3.297792409252071e-05
2011-03-14,3.142884420535869e-05
2011-03-15,-1.7518893330645e-05
2011-03-16,1.4409579804824133e-05
2011-03-17,-5.213532673335684e-06
2011-03-18,-5.310295225238037e-06
2011-03-21,-5.377388300184161e-06
2011-03-22,-5.077065357868743e-06
2011-03-23,-4.397293447763335e-06
2011-03-24,-4.87556761534118e-06
2011-03-25,-4.968554556175935e-06
2011-03-28,-4.30915662894018e-06
2011-03-29,-1.1860959571286159e-05
2011-03-30,7.641532367879427e-06
2011-03-31,-2.7351828016296024e-05
2011-04-01,4.6051168921859526e-06
2011-04-04,-4.0490211465191834e-05
2011-04-05,-1.971638134549857e-05
2011-04-06,2.806577320984203e-05
2011-04-07,-1.8383972850870524e-05
2011-04-08,3.964601609800256e-05
2011-04-11,-2.6053171523024563e-05
2011-04-12,-2.0971384387302868e-05
2011-04-13,-3.3854216234157483e-06
2011-04-14,-2.8035992226699327e-05
2011-04-15,1.7825196528268397e-05
2011-04-18,-1.2995550959177305e-05
2011-04-19,1.4721484078158148e-05
2011-04-20,-5.590186302494178e-06
2011-04-21,-5.591470295174919e-06
2011-04-25,7.941383834820814e-06
2011-04-26,-7.307044979002725e-06
2011-04-27,-6.507484608590729e-06
2011-04-28,-3.006007529627476e-05
2011-04-29,-3.0612046754558834e-05
2011-05-02,2.1487979485083054e-05
2011-05-03,-2.791877600586376e-05
2011-05-04,9.453562036726029e-06
2011-05-05,-2.8829579358027357e-05
2011-05-06,4.019219363728104e-06
2011-05-09,7.2318474700635465e-06
2011-05-10,1.9072370548610696e-05
2011-05-11,-3.846281395603581e-06
2011-05-12,-3.851419731612607e-06
2011-05-13,-3.671527073977697e-06
2011-05-16,-3.831681327347141e-06
2011-05-17,-3.7032468991783965e-06
2011-05-18,-3.862262588103474e-06
2011-05-19,-2.235641439703651e-05
2011-05-20,-2.5358769014996468e-05
2011-05-23,-6.549751850082357e-06
2011-05-24,5.179869862693675e-06
2011-05-25,5.533131490178701e-06
2011-05-26,-5.846848690642594e-06
2011-05-27,-5.567937837539821e-06
2011-05-31,-3.99379397198195e-06
2011-06-01,-4.009451141477899e-06
2011-06-02,-3.916167741022377e-06
2011-06-03,-5.331481303861448e-06
2011-06-06,-4.228410539812616e-06
2011-06-07,7.476711674223225e-07
2011-06-08,-4.333720416189175e-06
2011-06-09,-4.639585097755633e-06
2011-06-10,-2.029995994879319e-05
2011-06-13,-8.102500586674639e-06
2011-06-14,-5.418255379129495e-06
2011-06-15,5.79834650803495e-06
2011-06-16,1.4126861831353127e-07
2011-06-17,-1.3473217159038908e-06
2011-06-20,-2.0130910766248203e-06
2011-06-21,-1.3871723859994944e-05
2011-06-22,-1.0383978177850714e-05
2011-06-23,-1.2842589341707102e-05
2011-06-24,-9.159202355706654e-06
2011-06-27,2.285802824922231e-06
2011-06-28,-2.442160962830087e-06
2011-06-29,7.518074206166585e-05
2011-06-30,4.1043818233503434e-05
2011-07-01,4.8758247850016514e-05
2011-07-05,-0.00017987018694698106
2011-07-06,-1.9678709212342937e-05
2011-07-07,-1.910530005716122e-05
2011-07-08,-1.4897983974797748e-05
2011-07-11,2.1281172675185096e-05
2011-07-12,-9.155274145952536e-06
2011-07-13,-3.17512202182364e-05
2011-07-14,3.0349341547857244e-05
2011-07-15,-3.562672763668942e-05
2011-07-18,-2.6174854943244296e-05
2011-07-19,5.495311844288314e-06
2011-07-20,0.00010158297303133258
2011-07-21,-4.8605063326427354e-05
2011-07-22,1.3753025395579298e-06
2011-07-25,-5.9864950593995116e-05
2011-07-26,-2.228629766944073e-05
2011-07-27,3.0204547142694196e-05
2011-07-28,5.8587653983234754e-05
2011-07-29,-1.9985757594177543e-05
2011-08-01,3.115951008184429e-05
2011-08-02,-5.5222258388593895e-05
2011-08-03,-0.00014953790757928304
2011-08-04,-2.6171712177336226e-05
2011-08-05,-7.922843978456487e-05
2011-08-08,0.00010090143493593376
2011-08-09,0.00012292065546440752
2011-08-10,-3.1069444724245084e-05
2011-08-11,-2.4859295139349897e-05
2011-08-12,6.514221031955295e-05
2011-08-15,-4.67007542572439e-06
2011-08-16,-5.78163513064169e-05
2011-08-17,-1.8360060443953706e-05
2011-08-18,-1.834765465040166e-06
2011-08-19,-8.717916693343589e-05
2011-08-22,5.2185459667520006e-05
2011-08-23,2.9952199091280822e-05
2011-08-24,-1.779414121414721e-05
2011-08-25,-5.860389932246959e-06
2011-08-26,-4.866554047709551e-06
2011-08-29,-3.164948601943878e-05
2011-08-30,-4.960780511406417e-06
2011-08-31,-5.1174932777338395e-06
2011-09-01,-5.063909214488492e-06
2011-09-02,-5.06918692853821e-06
2011-09-06,-5.233874760319064e-06
2011-09-07,-5.1691327435019425e-06
2011-09-08,-5.221079569755826e-06
2011-09-09,-2.0059397279338925e-05
2011-09-12,2.162788373905999e-06
2011-09-13,3.329144548958302e-06
2011-09-14,-6.02141030276147e-06
2011-09-15,-1.975069410935794e-05
2011-09-16,2.1161328402264878e-06
2011-09-19,-1.3088086657832139e-05
2011-09-20,3.59299297563969e-06
2011-09-21,9.939675092534508e-07
2011-09-22,9.155054439127208e-06
2011-09-23,2.1831141860461937e-06
2011-09-26,-1.7873932563179677e-05
2011-09-27,-1.1313297154300808e-05
2011-09-28,-4.236518662831525e-06
2011-09-29,-4.673898071018069e-05
2011-09-30,4.767341231848576e-05
2011-10-03,-2.219055582347068e-06
2011-10-04,9.648706368511271e-06
2011-10-05,-2.071591664377823e-05
2011-10-06,-1.7282282473157466e-05
2011-10-07,-6.103004742812188e-06
2011-10-10,-5.183066214922901e-06
2011-10-11,-5.219137228346257e-06
2011-10-12,-3.3698822191258966e-05
2011-10-13,1.0476330905773117e-05
2011-10-14,7.921198763904327e-06
2011-10-17,-4.878082153345147e-06
2011-10-18,-5.109397815986362e-06
2011-10-19,-5.2329418574592435e-06
2011-10-20,-5.266688847801471e-06
2011-10-21,-3.611063374676738e-05
2011-10-24,1.361579641057305e-05
2011-10-25,5.9253200501891504e-06
2011-10-26,-4.4285081972865445e-06
2011-10-27,-5.248064278454711e-06
2011-10-28,-5.145194330236953e-06
2011-10-31,-4.248053437485793e-06
2011-11-01,-4.235038330634394e-06
2011-11-02,-4.267106209273159e-06
2011-11-03,-4.29502607591546e-06
2011-11-04,-4.327533505306267e-06
2011-11-07,-4.265010611421883e-06
2011-11-08,-4.305419906337067e-06
2011-11-09,-4.35049445450781e-06
2011-11-10,-4.269794248293213e-06
2011-11-11,-4.3048024182545875e-06
2011-11-14,-4.0976042855136956e-06
2011-11-15,3.0400978640357048e-06
2011-11-16,-2.729307595730134e-06
2011-11-17,1.5904748339702162e-06
2011-11-18,-1.2029941133367734e-06
2011-11-21,8.811226997008432e-05
2011-11-22,-3.9114435963983805e-06
2011-11-23,-6.395123303800074e-06
2011-11-25,-5.50386012616331e-06
2011-11-28,3.868499150759741e-05
2011-11-29,-6.374671164461563e-06
2011-11-30,-3.7025817571559205e-05
2011-12-01,2.1198221952148022e-05
2011-12-02,1.9237337225222734e-05
2011-12-05,-1.1987069889832227e-05
2011-12-06,-2.152928457371924e-05
2011-12-07,-1.3149739163461859e-05
2011-12-08,1.622591606200405e-05
2011-12-09,-1.3067112503624721e-05
2011-12-12,-1.5518764932153778e-05
2011-12-13,1.750699493817397e-05
2011-12-14,-1.0759245186319405e-05
2011-12-15,-3.0884732145571374e-06
2011-12-16,8.686031346431298e-06
2011-12-19,-2.8146621226328945e-05
2011-12-20,5.148167426021573e-06
2011-12-21,9.802398495314709e-06
2011-12-22,-3.0185019925953157e-05
2011-12-23,3.1958809889416807e-06
2011-12-27,1.3950769220751837e-05
2011-12-28,-1.3839490929718555e-05
2011-12-29,9.145001942542973e-05
2011-12-30,-7.146559378678426e-05
2012-01-03,-0.00016368523106251453
2012-01-04,9.617112500567238e-05
2012-01-05,3.952060657676756e-05
2012-01-06,2.5077152196433376e-06
2012-01-09,-2.7647462968370483e-05
2012-01-10,-4.519931014462312e-06
2012-01-11,-4.482716019793138e-06
2012-01-12,-4.3978310546425895e-06
2012-01-13,-4.400728552314597e-06
2012-01-17,-4.35948510125583e-06
2012-01-18,-4.3984611191065716e-06
2012-01-19,-4.400304222808462e-06
2012-01-20,1.8895407365127014e-05
2012-01-23,-1.9736009282192415e-05
2012-01-24,-3.6279185384351434e-05
2012-01-25,1.87205407362244e-05
2012-01-26,-4.380091081748459e-06
2012-01-27,-4.37581530020716e-06
2012-01-30,-4.69718473880669e-06
2012-01-31,-4.578837575973122e-06
2012-02-01,1.9663439187688687e-05
2012-02-02,3.459728448323632e-05
2012-02-03,-7.577342941832819e-05
2012-02-06,-2.2860595565338343e-05
2012-02-07,2.4996407450227403e-05
2012-02-08,-4.006804811582546e-05
2012-02-09,1.915670291890974e-05
2012-02-10,5.2627674021515274e-05
2012-02-13,7.089803153729292e-05
2012-02-14,-5.676464683085486e-06
2012-02-15,-1.9466929219232257e-06
2012-02-16,-5.940222937551971e-05
2012-02-17,-2.6640700828584696e-05
2012-02-21,-0.0001211053317547015
2012-02-22,-6.164863378868468e-05
2012-02-23,-1.3516450640535051e-05
2012-02-24,-1.7100578385289236e-05
2012-02-27,2.9605484480303557e-05
2012-02-28,-1.6036619170763187e-05
2012-02-29,-2.7246683324644684e-05
2012-03-01,7.038677362904629e-06
2012-03-02,-4.174558532216501e-06
2012-03-05,-2.82022767119072e-05
2012-03-06,2.3634713147176082e-06
2012-03-07,2.081931771506787e-05
2012-03-08,-1.8073002310622916e-05
2012-03-09,6.455914459965814e-06
2012-03-12,2.855582461419223e-06
2012-03-13,-2.1302254418674598e-05
2012-03-14,-1.1914673922812283e-06
2012-03-15,6.5674641237338945e-06
2012-03-16,-1.0811932840285891e-05
2012-03-19,-1.711295920459834e-05
2012-03-20,1.0545362777282459e-05
2012-03-21,1.495296845115798e-05
2012-03-22,-3.4238121609875815e-05
2012-03-23,-3.494190412420106e-05
2012-03-26,3.6032308340863926e-06
2012-03-27,6.54559991249551e-06
2012-03-28,-8.123432144862827e-06
2012-03-29,2.0024067074289756e-05
2012-03-30,-1.4842585413306415e-05
2012-04-02,-2.69011341838873e-05
2012-04-03,1.1774958891131399e-06
2012-04-04,1.9117563510747477e-05
2012-04-05,1.0102633118727847e-05
2012-04-06,-3.705058704570883e-05
2012-04-09,-2.0753794526778007e-05
2012-04-10,2.165767024089097e-06
2012-04-11,-5.611100956290279e-06
2012-04-12,-5.9143315307244276e-06
2012-04-13,-5.953795233830399e-06
2012-04-16,-6.0563372583756856e-06
2012-04-17,-5.899705052599257e-06
2012-04-18,-5.745162592397052e-06
2012-04-19,-3.1161548480246845e-05
2012-04-20,4.820164022375883e-06
2012-04-23,-7.613487776736506e-06
2012-04-24,-3.248094605537173e-06
2012-04-25,1.731794347721701e-05
2012-04-26,-1.3679726228218779e-05
2012-04-27,-5.7194940229300775e-06
2012-04-30,-5.88325490793668e-06
2012-05-01,-5.985615026885309e-06
2012-05-02,1.950012519882598e-05
2012-05-03,-1.5571428694630556e-05
2012-05-04,-2.9320016061818637e-05
2012-05-07,1.9487456827442895e-06
2012-05-08,1.9841527623299457e-05
2012-05-09,-1.5513212755864774e-05
2012-05-10,-2.8497503537359587e-05
2012-05-11,2.6150624448634974e-05
2012-05-14,-1.8376152524437824e-05
2012-05-15,1.9785319304688634e-06
2012-05-16,-1.5015407702810498e-05
2012-05-17,9.091983914916919e-07
2012-05-18,1.5727403790754326e-05
2012-05-21,-4.150119783906342e-05
2012-05-22,-2.525637552365377e-05
2012-05-23,-3.4515605825842906e-05
2012-05-24,-2.56588780075806e-05
2012-05-25,2.732570034144658e-05
2012-05-29,1.3902511032442571e-05
2012-05-30,-6.368554033439364e-06
2012-05-31,-6.032528669262828e-06
2012-06-01,-5.9832626203202906e-06
2012-06-04,-6.151024976618551e-06
2012-06-05,9.778395932703443e-06
2012-06-06,-1.2805725815847176e-05
2012-06-07,-1.5948418886198355e-05
2012-06-08,-5.1188802146305735e-06
2012-06-11,-5.397533306785966e-06
2012-06-12,4.6275815488253084e-05
2012-06-13,-1.0549170277066529e-05
2012-06-14,-3.9750088474845286e-05
2012-06-15,-1.5587521615774654e-05
2012-06-18,-2.450550647996411e-05
2012-06-19,-1.581357536870962e-05
2012-06-20,3.1645789856647216e-05
2012-06-21,-3.848398191132307e-06
2012-06-22,2.9319606284111116e-06
2012-06-25,-1.3156388516213815e-05
2012-06-26,-1.4439818659071535e-05
2012-06-27,-1.2831258868377075e-06
2012-06-28,9.821665965954416e-05
2012-06-29,-4.552091485320462e-05
2012-07-02,-5.897715578603121e-05
2012-07-03,-5.771478031286916e-06
2012-07-05,-3.797090878034415e-06
2012-07-06,-3.3537525407742967e-06
2012-07-09,-8.113928666774808e-05
2012-07-10,3.257831789099932e-05
2012-07-11,4.4258903908421666e-05
2012-07-12,-4.630878340015544e-05
2012-07-13,-2.6499885471927865e-05
2012-07-16,3.935436282489074e-05
2012-07-17,-5.4747283278922614e-05
2012-07-18,2.1743961940944737e-05
2012-07-19,1.388001349813962e-05
2012-07-20,1.1663148115613768e-06
2012-07-23,2.317688949407093e-05
2012-07-24,-8.197161714340977e-06
2012-07-25,-3.360083715090877e-06
2012-07-26,-3.2438763384533324e-06
2012-07-27,-3.497236110710005e-06
2012-07-30,-3.034342933932479e-06
2012-07-31,-4.204324091223959e-05
2012-08-01,1.0697048390882585e-05
2012-08-02,1.9671687251028562e-05
2012-08-03,-9.102640498103579e-06
2012-08-06,-4.630246689999157e-06
2012-08-07,-4.798426016801062e-06
2012-08-08,-4.8129942073676065e-06
2012-08-09,3.1801712025555205e-05
2012-08-10,-1.9225257895213306e-05
2012-08-13,-2.6356213451029167e-05
2012-08-14,-9.011541617849581e-06
2012-08-15,-9.997435263145862e-06
2012-08-16,-8.042763887312099e-06
2012-08-17,-4.600031626584796e-05
2012-08-20,-9.638602030983806e-06
2012-08-21,1.9439521187551295e-05
2012-08-22,-3.86913972348775e-06
2012-08-23,-3.621177556543007e-06
2012-08-24,-3.5771084500047853e-06
2012-08-27,-3.808077698804596e-05
2012-08-28,8.026334594986975e-06
2012-08-29,1.7422669925418074e-05
2012-08-30,-6.458811475848436e-06
2012-08-31,-4.632364901787348e-06
2012-09-04,-4.788013185931163e-06
2012-09-05,-3.713455303778497e-05
2012-09-06,4.3540694402703544e-05
2012-09-07,4.194981920070443e-05
2012-09-10,-1.085631435659596e-05
2012-09-11,-7.526157726993638e-05
2012-09-12,-3.097980494488849e-05
2012-09-13,2.6218395050130696e-05
2012-09-14,3.913389872285223e-05
2012-09-17,-3.4897747675827007e-06
2012-09-18,-3.373156891200935e-05
2012-09-19,-1.3954385065715142e-05
2012-09-20,1.4126771800014527e-05
2012-09-21,-1.2512633867697258e-05
2012-09-24,-1.4407034877662888e-05
2012-09-25,-3.550779157182886e-06
2012-09-26,-3.610801990761206e-06
2012-09-27,-0.00010121816659426214
2012-09-28,5.272611467650966e-05
2012-10-01,5.834641220412263e-06
2012-10-02,1.6951260902234253e-05
2012-10-03,1.4572704639946762e-05
2012-10-04,-2.895972101303116e-06
2012-10-05,3.681501050090881e-05
2012-10-08,-2.4092350928091974e-05
2012-10-09,-1.9154328451967328e-05
2012-10-10,-4.00631869274381e-08
2012-10-11,-1.6619932983122767e-06
2012-10-12,-1.814756733251374e-06
2012-10-15,-1.9388613844655474e-06
2012-10-16,-2.572309189094252e-06
2012-10-17,3.6776197995299824e-05
2012-10-18,-2.407833216291297e-05
2012-10-19,-1.9276721956227883e-05
2012-10-22,-1.6952858898191377e-06
2012-10-23,-3.322880360419083e-06
2012-10-24,-2.515900270963235e-06
2012-10-25,-1.3491950321509497e-06
2012-10-26,3.734053499684172e-05
2012-10-29,1.6420704542945888e-05
2012-10-30,-4.314958633402067e-05
2012-10-31,1.960458222076223e-05
2012-11-01,-4.770521612578326e-05
2012-11-02,-1.8945008135832813e-05
2012-11-05,-1.2166418649163105e-06
2012-11-06,-4.121646853547053e-07
2012-11-07,-3.978888198994069e-07
2012-11-08,-3.797996948781876e-07
2012-11-09,-3.8433939422067876e-05
2012-11-12,1.946026323243369e-05
2012-11-13,1.7133185413466722e-05
2012-11-14,-3.982885010987581e-07
2012-11-15,3.7631740398434124e-05
2012-11-16,-2.1185302729570115e-05
2012-11-19,-1.891862749030613e-05
2012-11-20,-1.1048429566962437e-06
2012-11-21,-1.208796600796858e-06
2012-11-23,-1.050460626056877e-06
2012-11-26,-1.2632967355722463e-06
2012-11-27,-1.785952158616813e-05
2012-11-28,-1.0832569751703647e-05
2012-11-29,-1.897652979068022e-05
2012-11-30,-2.0768172347770477e-05
2012-12-03,-1.1644144049633439e-06
2012-12-04,-1.1447232310294794e-06
2012-12-05,-8.196491343397425e-07
2012-12-06,1.8688595263631618e-05
2012-12-07,-1.1537657581279137e-05
2012-12-10,-1.0270771914734884e-05
2012-12-11,-2.1700808463221316e-07
2012-12-12,-4.476672380414984e-07
2012-12-13,-1.0061430507554105e-06
2012-12-14,-9.80344157810031e-07
2012-12-17,-4.026575751189689e-05
2012-12-18,-2.165269657280223e-05
2012-12-19,-2.0635605015186525e-05
2012-12-20,-2.539167812215416e-05
2012-12-21,-1.5231421359313208e-05
2012-12-24,-3.483451010935699e-05
2012-12-26,-3.0102156425431846e-05
2012-12-27,-4.020821220903767e-07
2012-12-28,-0.00019865879233775397
2012-12-31,1.560669169319354e-05
2013-01-02,-4.310806487185593e-05
2013-01-03,-2.7951893520322195e-05
2013-01-04,-5.468098400177279e-06
2013-01-07,-1.1386940536289362e-05
2013-01-08,-1.7374263449635425e-05
2013-01-09,8.03750244419587e-06
2013-01-10,-8.930188110129884e-07
2013-01-11,-4.984616062847277e-05
2013-01-14,5.618026886360345e-06
2013-01-15,5.533888461296586e-07
2013-01-16,3.428287741286896e-05
2013-01-17,-8.654215712836986e-06
2013-01-18,-2.9561461398631525e-06
2013-01-22,-4.5251215174789164e-05
2013-01-23,-3.852009924586966e-05
2013-01-24,6.603960779488165e-06
2013-01-25,-1.1113682145551972e-05
2013-01-28,3.081882517489584e-05
2013-01-29,-1.065384730147857e-05
2013-01-30,-4.7452893011783247e-05
2013-01-31,2.0993642014421234e-05
2013-02-01,1.633431768531865e-05
2013-02-04,-3.0408309248773996e-06
2013-02-05,-7.826287759885146e-07
2013-02-06,-6.368421387542343e-07
2013-02-07,-8.252990687330981e-07
2013-02-08,-8.143481012008637e-07
2013-02-11,-1.12589826467606e-06
2013-02-12,2.588123599919726e-05
2013-02-13,2.443865049350945e-05
2013-02-14,-2.412252265678019e-05
2013-02-15,-1.7675359403165255e-05
2013-02-19,1.9956457135172405e-05
2013-02-20,-6.256098272959182e-05
2013-02-21,-2.3988943728594456e-05
2013-02-22,-1.9711880268143196e-05
2013-02-25,-2.6375670534448408e-05
2013-02-26,-2.3731541779574732e-05
2013-02-27,-3.395110890836963e-05
2013-02-28,-3.3299301616836705e-05
2013-03-01,-7.14026334115135e-05
2013-03-04,-6.035689802690695e-05
2013-03-05,-6.235601919544552e-05
2013-03-06,-4.264477603260223e-05
2013-03-07,-1.2210607946127454e-05
2013-03-08,-1.1428624763317388e-05
2013-03-11,3.426639415375111e-07
2013-03-12,-1.8743686285890353e-06
2013-03-13,-4.169577322147513e-05
2013-03-14,-3.6575136017012826e-05
2013-03-15,-3.877189822738706e-05
2013-03-18,-3.3554877958442056e-05
2013-03-19,-1.8928027764861376e-05
2013-03-20,-4.482145873799922e-05
2013-03-21,-4.893193927148413e-05
2013-03-22,-3.828099739835065e-05
2013-03-25,-4.25407096931908e-05
2013-03-26,-3.4248021269209025e-05
2013-03-27,-0.00010249488790504182
2013-03-28,-4.2986191175941016e-05
2013-04-01,-5.872309664751443e-06
2013-04-02,-1.7313155425072516e-05
2013-04-03,-1.1906731647384844e-05
2013-04-04,-3.479641913748703e-06
2013-04-05,-4.877017974763239e-05
2013-04-08,4.212893984042464e-06
2013-04-09,4.295181802468842e-06
2013-04-10,-8.798363176358928e-06
2013-04-11,-7.202056862584841e-06
2013-04-12,-3.0810663225528394e-06
2013-04-15,-7.941960659603218e-06
2013-04-16,8.827544946917877e-07
2013-04-17,-8.053814774528788e-07
2013-04-18,-6.246924999879499e-07
2013-04-19,-6.18737310380321e-07
2013-04-22,-8.522018112254865e-07
2013-04-23,-7.287406806009861e-07
2013-04-24,-3.772937207698358e-07
2013-04-25,-5.317381082353531e-07
2013-04-26,-7.35653768279392e-06
2013-04-29,-1.5217938469002602e-06
2013-04-30,-4.330632916461443e-05
2013-05-01,4.401702375489503e-06
2013-05-02,2.4094727588929257e-08
2013-05-03,-6.3460993359645045e-06
2013-05-06,-5.586459486432174e-06
2013-05-07,1.6839718345607299e-06
2013-05-08,-4.7840514449971705e-06
2013-05-09,2.9446304431889944e-06
2013-05-10,1.9044475649202006e-06
2013-05-13,-1.4840620423931358e-06
2013-05-14,-2.7406270882278236e-06
2013-05-15,-1.1055913091597534e-05
2013-05-16,-3.6248808696717973e-06
2013-05-17,-6.826259766586425e-07
2013-05-20,-4.0688305662901146e-05
2013-05-21,-3.55877190006381e-05
2013-05-22,3.7435972016794436e-06
2013-05-23,5.714956619527134e-07
2013-05-24,6.931818563440126e-07
2013-05-28,-3.795462023942245e-05
2013-05-29,8.8356116061763e-06
2013-05-30,-3.588913040666719e-05
2013-05-31,4.040276294719229e-06
2013-06-03,2.120214249873375e-05
2013-06-04,-3.100893701420981e-05
2013-06-05,4.398983649646737e-06
2013-06-06,4.3449711705982815e-06
2013-06-07,-1.2400706694046005e-05
2013-06-10,-2.3904996475799675e-05
2013-06-11,-2.7305347920331194e-07
2013-06-12,1.7603260315547615e-05
2013-06-13,-4.4861004043952296e-05
2013-06-14,-1.744968566582419e-05
2013-06-17,-1.0560170106179523e-06
2013-06-18,2.082037499408281e-06
2013-06-19,7.794381104897637e-06
2013-06-20,4.722422609542425e-05
2013-06-21,-2.3160641733737847e-06
2013-06-24,3.3488681084293565e-06
2013-06-25,2.8752259033869078e-06
2013-06-26,3.1276364822640917e-06
2013-06-27,0.000305781162303417
2013-06-28,-9.153529567767463e-05
2013-07-01,-4.6658300273588166e-05
2013-07-02,-5.7163945650467635e-05
2013-07-03,-7.429845668132317e-05
2013-07-05,1.895862842714969e-06
2013-07-08,-5.108223627861365e-06
2013-07-09,-6.207750880866996e-05
2013-07-10,-5.001802677626181e-06
2013-07-11,-5.00105070511583e-06
2013-07-12,-5.100650543435902e-06
2013-07-15,-7.29598431546295e-06
2013-07-16,-1.5350295197731028e-06
2013-07-17,-4.58382441059881e-05
2013-07-18,5.055748551403701e-06
2013-07-19,-2.5563555705893317e-07
2013-07-22,-5.052135415103117e-07
2013-07-23,3.0424774735375364e-06
2013-07-24,4.314769279560083e-06
2013-07-25,9.53335343951842e-08
2013-07-26,2.229883002468013e-06
2013-07-29,-4.195312512791063e-05
2013-07-30,2.896825367284698e-06
2013-07-31,-8.204479471118905e-07
2013-08-01,1.8994860100346083e-06
2013-08-02,5.5496513084560726e-06
2013-08-05,-3.96160355001071e-05
2013-08-06,5.389259002970044e-06
2013-08-07,4.053708265028156e-06
2013-08-08,2.216580198182573e-06
2013-08-09,5.563174256150396e-06
2013-08-12,4.464452825094124e-06
2013-08-13,-4.264792913355643e-05
2013-08-14,8.310107611066681e-06
2013-08-15,1.6888810983245092e-06
2013-08-16,1.9601722715847147e-06
2013-08-19,7.211419868004156e-06
2013-08-20,5.2879015827534085e-06
2013-08-21,8.860486992943325e-07
2013-08-22,4.393345867140335e-06
2013-08-23,2.9326621577117704e-06
2013-08-26,6.614236524664836e-07
2013-08-27,2.2802365787773443e-06
2013-08-28,3.105986215211007e-06
2013-08-29,-4.114074695703528e-05
2013-08-30,5.533537997100878e-06
2013-09-03,-3.967809063469953e-05
2013-09-04,7.974664855181518e-06
2013-09-05,7.370274668266013e-06
2013-09-06,6.3561183877474565e-06
2013-09-09,-1.5600220019183116e-05
2013-09-10,1.0114883879302641e-05
2013-09-11,1.0108279234023183e-06
2013-09-12,4.568049684141467e-06
2013-09-13,5.8380880377601e-06
2013-09-16,3.7031892408184124e-06
2013-09-17,2.4122114177828594e-06
2013-09-18,4.880478930579855e-06
2013-09-19,3.350865638769217e-06
2013-09-20,2.1993881703406e-06
2013-09-23,3.654014374172057e-06
2013-09-24,3.529554780197825e-06
2013-09-25,2.75776001800356e-06
2013-09-26,2.9848972573474594e-06
2013-09-27,0.00018935594404108488
2013-09-30,-2.3371329307873563e-05
2013-10-01,-3.351438849981017e-06
2013-10-02,-8.079253103550746e-06
2013-10-03,-6.810644401498582e-05
2013-10-04,-1.0950080463367633e-05
2013-10-07,6.372407542607045e-06
2013-10-08,-8.139416387724628e-06
2013-10-09,8.959663234375523e-05
2013-10-10,-1.4240001475051281e-06
2013-10-11,-5.13553056425401e-05
2013-10-14,8.40009258846174e-06
2013-10-15,-6.147770139977628e-06
2013-10-16,-9.352373800974343e-06
2013-10-17,-3.6266571606495726e-05
2013-10-18,-4.2694989011078215e-05
2013-10-21,1.431657179683116e-06
2013-10-22,-3.8582204528533166e-05
2013-10-23,6.865667956119089e-06
2013-10-24,-3.6941041622074986e-05
2013-10-25,5.972084033117856e-06
2013-10-28,7.691246215931703e-06
2013-10-29,5.154538982129479e-06
2013-10-30,2.2499848809285538e-06
2013-10-31,8.070568508958086e-06
2013-11-01,1.669537562730361e-07
2013-11-04,2.7204439768208483e-06
2013-11-05,1.9642378593033424e-06
2013-11-06,3.226311043855812e-07
2013-11-07,1.1802541454780107e-06
2013-11-08,5.866883293398347e-07
2013-11-11,1.3304360517221282e-06
2013-11-12,5.06652940893907e-07
2013-11-13,-5.24875588299184e-07
2013-11-14,-9.050082222450871e-07
2013-11-15,1.994276117928244e-06
2013-11-18,2.094614562485899e-06
2013-11-19,1.6083591577150084e-06
2013-11-20,1.6902077480184175e-06
2013-11-21,1.6071550705190742e-06
2013-11-22,1.6617857241179684e-06
2013-11-25,1.5055596920039833e-06
2013-11-26,1.3798776789961487e-06
2013-11-27,1.2431895077675073e-06
2013-11-29,1.3350502061691287e-06
2013-12-02,1.3491181009602693e-06
2013-12-03,1.3716067971345117e-06
2013-12-04,2.278494100416821e-05
2013-12-05,-1.4510343789885105e-06
2013-12-06,1.0589118126801063e-06
2013-12-09,1.530456983192857e-06
2013-12-10,-1.5055156958785973e-06
2013-12-11,-2.421025778583742e-07
2013-12-12,2.165738666271973e-06
2013-12-13,-2.2490777581801936e-05
2013-12-16,3.756235895999016e-06
2013-12-17,-6.116111746167661e-07
2013-12-18,2.849166092149084e-07
2013-12-19,2.4998252851749812e-05
2013-12-20,6.211508624131004e-07
2013-12-23,3.2856875028321224e-07
2013-12-24,2.70249756525017e-06
2013-12-26,-4.45238944555864e-06
2013-12-27,-6.334968597928048e-06
2013-12-30,0.00015293132670494945
2013-12-31,-2.1844070314212667e-05
2014-01-02,-4.7085474638584153e-05
2014-01-03,6.962343587119671e-06
2014-01-06,-2.0173848938684217e-05
2014-01-07,-1.7930443522774923e-05
2014-01-08,1.3788258977418507e-05
2014-01-09,-9.592914798860382e-06
2014-01-10,-2.777914152879956e-06
2014-01-13,-3.9204321823414434e-05
2014-01-14,7.939444805335813e-07
2014-01-15,-1.999606678890271e-06
2014-01-16,2.037496388744276e-06
2014-01-17,3.992263517499913e-06
2014-01-21,-4.6185542933179134e-05
2014-01-22,3.1117313270094334e-06
2014-01-23,6.15196205317832e-06
2014-01-24,-4.911258954055483e-05
2014-01-27,7.908650010940275e-06
2014-01-28,5.519612307093658e-05
2014-01-29,-5.115373670299246e-06
2014-01-30,4.15094459683229e-06
2014-01-31,5.277498296034757e-06
2014-02-03,-4.9790857537584314e-05
2014-02-04,1.087282275842198e-06
2014-02-05,-2.662168133874444e-07
2014-02-06,-4.408803447377498e-06
2014-02-07,6.103291468307639e-06
2014-02-10,7.997376796614914e-06
2014-02-11,-2.178844035539665e-06
2014-02-12,-4.401760025959882e-05
2014-02-13,4.336030457004391e-06
2014-02-14,-3.615079659867765e-07
2014-02-18,-2.8867060113421676e-06
2014-02-19,-3.674583463127799e-05
2014-02-20,8.061110533754373e-06
2014-02-21,-1.8786335883618298e-06
2014-02-24,4.1234273092187285e-06
2014-02-25,5.10389533471418e-06
2014-02-26,2.5098172676672033e-06
2014-02-27,-4.0803259318500043e-07
2014-02-28,6.962417337000727e-06
2014-03-03,-9.191752189324295e-07
2014-03-04,2.899452641629902e-07
2014-03-05,5.1998023303418646e-06
2014-03-06,2.9843913841197334e-06
2014-03-07,-5.482874577525095e-07
2014-03-10,4.075985637264248e-06
2014-03-11,4.153394411488574e-06
2014-03-12,9.785505619468865e-08
2014-03-13,2.3458687356825576e-05
2014-03-14,9.288776753850012e-07
2014-03-17,1.7645655730780638e-07
2014-03-18,2.3529483745880679e-07
2014-03-19,-8.272968692358351e-07
2014-03-20,-1.704856715068869e-07
2014-03-21,1.6363468912618592e-06
2014-03-24,-3.850463386242015e-07
2014-03-25,2.357533135290412e-06
2014-03-26,1.8643629567594823e-06
2014-03-27,2.3390658397074376e-05
2014-03-28,0.00013133620102882994
2014-03-31,-5.567593548441092e-05
2014-04-01,7.858408946210518e-07
2014-04-02,-4.624242508646323e-05
2014-04-03,-1.495053697890888e-05
2014-04-04,-7.687879882362758e-06
2014-04-07,5.533419141609579e-06
2014-04-08,-1.0308879682290792e-05
2014-04-09,1.0164867891724108e-05
2014-04-10,-6.412167059333247e-07
2014-04-11,-3.388143749389612e-07
2014-04-14,-2.9188471147980947e-06
2014-04-15,3.262076883247691e-06
2014-04-16,-1.3350805714766653e-06
2014-04-17,-3.4049754344165476e-06
2014-04-21,1.225352635934882e-06
2014-04-22,8.597199486784741e-08
2014-04-23,-1.569411793902843e-06
2014-04-24,4.591190606901539e-05
2014-04-25,4.240373758494495e-05
2014-04-28,-5.818987172248748e-06
2014-04-29,-1.768229635416181e-06
2014-04-30,-4.760390860224552e-06
2014-05-01,-1.1155118576026094e-05
2014-05-02,-4.619988914753133e-06
2014-05-05,-3.355080605937837e-06
2014-05-06,-4.0728330794167415e-06
2014-05-07,-1.8250153085957654e-07
2014-05-08,-1.0197514210267982e-06
2014-05-09,-3.2384645827203156e-06
2014-05-12,-1.1937340490845206e-06
2014-05-13,-4.616432003367087e-05
2014-05-14,6.119463998803775e-07
2014-05-15,-2.2034576597997177e-06
2014-05-16,-2.214065127879383e-06
2014-05-19,1.6757163170331784e-06
2014-05-20,3.2013417936444335e-07
2014-05-21,-3.7968235902694183e-06
2014-05-22,1.0858873014731452e-06
2014-05-23,-3.3392575334574985e-06
2014-05-27,-1.7505846806082664e-06
2014-05-28,-9.424564586895219e-08
2014-05-29,2.818410470804109e-07
2014-05-30,-2.5213754116750865e-06
2014-06-02,-1.7290557798349764e-06
2014-06-03,-1.826903690504155e-07
2014-06-04,-4.65961111745784e-06
2014-06-05,1.865964616842454e-05
2014-06-06,-6.018486351667949e-06
2014-06-09,-5.484912084914431e-06
2014-06-10,-6.933941892212621e-06
2014-06-11,-7.3097309272145184e-06
2014-06-12,-6.51403864713308e-06
2014-06-13,-3.8916034301575855e-06
2014-06-16,-5.163435477494188e-06
2014-06-17,1.9918126880213402e-05
2014-06-18,-4.928376629486568e-06
2014-06-19,-4.111470646914971e-06
2014-06-20,-3.0485723155830487e-06
2014-06-23,-5.755700443830056e-06
2014-06-24,-5.9855913585849145e-06
2014-06-25,-2.814876931057557e-06
2014-06-26,-4.693955629236904e-06
2014-06-27,0.00013428203837960578
2014-06-30,-1.179439048060006e-05
2014-07-01,-3.0749969620231e-06
2014-07-02,-1.2488389405698186e-06
2014-07-03,-2.037830301969017e-05
2014-07-07,-1.8465617404182463e-05
2014-07-08,-4.5989838595700717e-05
2014-07-09,-1.4600701960869073e-05
2014-07-10,-3.1906941724004503e-06
2014-07-11,-4.837644439634818e-05
2014-07-14,1.8571288764985633e-06
2014-07-15,-2.77302835063452e-06
2014-07-16,1.785451472615337e-07
2014-07-17,5.260973484509483e-06
2014-07-18,-5.360445294488385e-06
2014-07-21,-2.422843890991616e-06
2014-07-22,5.017387696434215e-06
2014-07-23,-5.537920552667464e-06
2014-07-24,-6.520566294030518e-06
2014-07-25,1.7929109723838095e-06
2014-07-28,-5.23285097019868e-07
2014-07-29,-5.445563399537573e-06
2014-07-30,2.6593137446543424e-07
2014-07-31,1.8432095976220552e-06
2014-08-01,-3.143427051341945e-06
2014-08-04,-2.32789960407529e-06
2014-08-05,1.3522069268764244e-06
2014-08-06,-1.316082931884556e-06
2014-08-07,-4.854228600887977e-05
2014-08-08,3.7017074425440096e-06
2014-08-11,-1.9340626994833256e-06
2014-08-12,-3.759107493820597e-06
2014-08-13,5.3412265276394506e-06
2014-08-14,4.159694331707246e-06
2014-08-15,-2.5143391880892155e-06
2014-08-18,-4.126309622454124e-05
2014-08-19,2.1968120420147097e-06
2014-08-20,-1.1796962062806857e-06
2014-08-21,8.146536960965653e-08
2014-08-22,7.402964185412829e-06
2014-08-25,2.81607981854577e-06
2014-08-26,5.163767732899934e-07
2014-08-27,8.017266084968088e-06
2014-08-28,-1.0787171088096417e-07
2014-08-29,-5.6244308662944514e-08
2014-09-02,4.674562799661554e-06
2014-09-03,3.363411659311456e-06
2014-09-04,-1.487604890253946e-06
2014-09-05,2.4804882432736976e-06
2014-09-08,3.9435724465925335e-06
2014-09-09,-5.768845062498595e-07
2014-09-10,1.3337041110036632e-06
2014-09-11,2.9003949926130188e-06
2014-09-12,4.3619794296077883e-07
2014-09-15,4.615610420133744e-07
2014-09-16,2.6302601182703793e-06
2014-09-17,4.378523589636675e-08
2014-09-18,-8.213219702773596e-07
2014-09-19,7.80219424936587e-07
2014-09-22,-3.9388548496071813e-07
2014-09-23,-2.599271526489008e-05
2014-09-24,4.1425941019037694e-07
2014-09-25,4.816050168924664e-08
2014-09-26,-9.612346935765344e-07
2014-09-29,2.6702305225237476e-05
2014-09-30,2.7314184032545865e-06
2014-10-01,5.593355830752003e-08
2014-10-02,-4.3183945817316715e-05
2014-10-03,1.4057678945536393e-06
2014-10-06,-1.2663018203110098e-06
2014-10-07,1.3435161294681862e-07
2014-10-08,5.344166960933687e-06
2014-10-09,4.813586449310844e-06
2014-10-10,1.1555502256207762e-06
2014-10-13,5.731261829894533e-06
2014-10-14,2.866164850227e-07
2014-10-15,1.0692769381973416e-06
2014-10-16,3.7614444511230113e-06
2014-10-17,1.9189853192417643e-06
2014-10-20,-8.53140717404081e-07
2014-10-21,2.2699922632844526e-06
2014-10-22,2.3959099763921563e-06
2014-10-23,5.338473178730633e-08
2014-10-24,1.4149376618314002e-06
2014-10-27,2.689457366578492e-06
2014-10-28,8.066054269106158e-07
2014-10-29,6.247803548145955e-07
2014-10-30,0.00014148623845265125
2014-10-31,-6.149330285678823e-06
2014-11-03,-1.4029760233386109e-06
2014-11-04,3.311769083709215e-06
2014-11-05,-1.7428936671516987e-05
2014-11-06,-1.4049619425782745e-05
2014-11-07,2.846658876174323e-07
2014-11-10,-1.4145953180514676e-05
2014-11-11,4.581995743483143e-05
2014-11-12,-2.719639482633309e-07
2014-11-13,-8.276990918468902e-06
2014-11-14,-7.511484545656368e-06
2014-11-17,-4.619439078126046e-06
2014-11-18,-1.1652961703730546e-05
2014-11-19,-1.1008099483365275e-05
2014-11-20,3.9012972612918506e-05
2014-11-21,-4.7556116086561875e-06
2014-11-24,-1.0052464849281886e-05
2014-11-25,-6.916735908248871e-06
2014-11-26,-9.49268483449585e-06
2014-11-28,-1.1076398682140978e-05
2014-12-01,-8.638987601960692e-06
2014-12-02,-1.0309667292949549e-05
2014-12-03,2.181414242677944e-05
2014-12-04,-6.631206534521183e-06
2014-12-05,-7.634260888845353e-06
2014-12-08,-4.730268266349241e-06
2014-12-09,-6.8337975167170214e-06
2014-12-10,-3.3207950806229196e-05
2014-12-11,-5.931598697747392e-06
2014-12-12,-5.497500772173635e-06
2014-12-15,-3.875370299137526e-06
2014-12-16,-2.1053620874690606e-06
2014-12-17,-1.0185529773078733e-06
2014-12-18,4.342563640164846e-05
2014-12-19,4.531965286084089e-05
2014-12-22,-6.036070087307534e-06
2014-12-23,-4.023072605859008e-06
2014-12-24,1.4025846141139985e-05
2014-12-26,-1.4530313040426143e-05
2014-12-29,-1.0569388424172881e-05
2014-12-30,6.086892202079068e-05
2014-12-31,-5.83816763077535e-05
2015-01-02,-5.976521284339613e-06
2015-01-05,-2.4084166084347776e-06
2015-01-06,-1.8508437486980202e-05
2015-01-07,-4.013165772340522e-06
2015-01-08,3.740280729348265e-06
2015-01-09,-1.4577244580829074e-05
2015-01-12,2.57408623380738e-07
2015-01-13,-1.1472266783226385e-06
2015-01-14,-5.7895358117300355e-06
2015-01-15,-9.861529914313153e-06
2015-01-16,3.6940733160583924e-06
2015-01-20,-5.199698303294239e-06
2015-01-21,3.8775563469990374e-05
2015-01-22,-2.2563481423337143e-06
2015-01-23,-4.3891652733398823e-07
2015-01-26,-7.40062123889605e-06
2015-01-27,-1.051895405965399e-05
2015-01-28,-4.3293315711512924e-06
2015-01-29,-4.413458333909554e-06
2015-01-30,-1.1943805669721868e-05
2015-02-02,1.3995617526469365e-07
2015-02-03,-1.1879839837733825e-06
2015-02-04,-6.8125653037718865e-06
2015-02-05,-4.871150775462413e-06
2015-02-06,2.424932039834236e-06
2015-02-09,-4.668776465058764e-06
2015-02-10,-6.275517207668131e-06
2015-02-11,-5.418710647559173e-07
2015-02-12,-4.852576513364807e-05
2015-02-13,-6.073051594517884e-06
2015-02-17,-3.8243306962117815e-06
2015-02-18,-1.8328157162529995e-06
2015-02-19,1.7113577760888239e-06
2015-02-20,3.1618845847349586e-07
2015-02-23,-1.7019954694305426e-06
2015-02-24,2.656046930477269e-06
2015-02-25,-5.357722929726155e-05
2015-02-26,-1.4508146911452354e-06
2015-02-27,1.5349205924031744e-06
2015-03-02,-1.212187679895141e-06
2015-03-03,-2.320573318126814e-05
2015-03-04,6.396875391466812e-06
2015-03-05,2.5099775129389367e-06
2015-03-06,3.3032432266844283e-06
2015-03-09,5.330328839169449e-07
2015-03-10,4.755865456028482e-06
2015-03-11,2.5414124463173797e-05
2015-03-12,3.7842172949081307e-06
2015-03-13,-2.9436122693531878e-06
2015-03-16,1.5849530541205167e-06
2015-03-17,-1.381668669626114e-06
2015-03-18,-1.7276731659642108e-06
2015-03-19,-2.6395847043061133e-05
2015-03-20,-8.607587585849084e-07
2015-03-23,2.352983034680727e-06
2015-03-24,-2.4586763708213624e-05
2015-03-25,2.3692081709366455e-06
2015-03-26,2.9545305574629387e-06
2015-03-27,1.3831842543127066e-06
2015-03-30,0.00024409380943984428
2015-03-31,-3.2102147837698896e-06
2015-04-01,-5.468831292920701e-06
2015-04-02,6.50220629168068e-06
2015-04-03,-3.3074987860751305e-05
2015-04-06,-7.556155145685306e-05
2015-04-07,7.600398479485623e-07
2015-04-08,-3.121510535576181e-05
2015-04-09,-2.695300773217352e-06
2015-04-10,1.6741707232520963e-06
2015-04-13,-6.384505291919677e-06
2015-04-14,3.23227538830893e-05
2015-04-15,-4.1455672393856606e-05
2015-04-16,-1.0562756390283305e-05
2015-04-17,-1.4103774107910215e-05
2015-04-20,-2.465399419122384e-06
2015-04-21,-3.00536287221366e-06
2015-04-22,-1.0829924974357417e-05
2015-04-23,-8.114253080204255e-06
2015-04-24,8.047406140744953e-06
2015-04-27,-1.3073091752995428e-05
2015-04-28,-1.1433879267087305e-05
2015-04-29,2.856583740027799e-06
2015-04-30,-2.42692246529136e-06
2015-05-01,3.6358138854791536e-05
2015-05-04,-6.348429697380949e-07
2015-05-05,-1.8930348243061847e-06
2015-05-06,-9.653601057329956e-06
2015-05-07,-6.038147377679387e-06
2015-05-08,-2.7130484793541046e-06
2015-05-11,-7.089154035437786e-06
2015-05-12,-9.90748509577729e-06
2015-05-13,2.569896470912649e-06
2015-05-14,-5.185111362078854e-05
2015-05-15,-2.2769575613559433e-05
2015-05-18,-7.2629257476410784e-06
2015-05-19,-5.027371084329429e-06
2015-05-20,-1.73774778925587e-06
2015-05-21,2.039264686679193e-06
2015-05-22,3.042899492116685e-07
2015-05-26,2.996587823421045e-06
2015-05-27,-5.132981185705295e-05
2015-05-28,3.951750633316209e-07
2015-05-29,4.784478440343325e-06
2015-06-01,-1.7981992750967246e-06
2015-06-02,-4.929918439351378e-07
2015-06-03,1.0131948011594349e-06
2015-06-04,-1.2254470403525396e-07
2015-06-05,3.2517669931518937e-06
2015-06-08,-3.75413104768246e-06
2015-06-09,-3.0063054822727862e-06
2015-06-10,9.144511410347168e-07
2015-06-11,-4.1668593118084743e-07
2015-06-12,-1.3404781379358036e-06
2015-06-15,-2.9654338816178292e-06
2015-06-16,-2.1949228490300283e-06
2015-06-17,-2.447787384929989e-06
2015-06-18,-1.0038567590662975e-06
2015-06-19,2.20513891748003e-05
2015-06-22,-5.0761581898191745e-06
2015-06-23,-4.092665245355448e-06
2015-06-24,-2.6129790120183077e-06
2015-06-25,-2.657939414514276e-05
2015-06-26,-2.4805404856011905e-06
2015-06-29,0.0004171319926254348
2015-06-30,-0.0001282963073752565
2015-07-01,-4.114012593409475e-05
2015-07-02,4.821105163170085e-05
2015-07-06,-7.549705976134123e-05
2015-07-07,-0.00010599302539539647
2015-07-08,-8.577512865221976e-05
2015-07-09,-0.00012662334136696437
2015-07-10,6.5813629518502e-05
2015-07-13,0.00012479022230690282
2015-07-14,-4.295049215469494e-05
2015-07-15,-3.823581139047641e-05
2015-07-16,-2.4016774891305805e-06
2015-07-17,4.153095073351935e-05
2015-07-20,2.434525826795805e-05
2015-07-21,-2.8540882256963705e-05
2015-07-22,-3.569737466525938e-05
2015-07-23,-2.707155024696244e-05
2015-07-24,-2.186456966796463e-05
2015-07-27,-2.5895612442922055e-05
2015-07-28,-2.7340657746855895e-05
2015-07-29,-6.0812398564922534e-05
2015-07-30,-2.3131970363909843e-05
2015-07-31,2.7865391205834666e-05
2015-08-03,-9.868482003556727e-05
2015-08-04,-5.2728600633920984e-05
2015-08-05,5.362703056520485e-05
2015-08-06,-2.55273338574137e-05
2015-08-07,-3.26332979040116e-05
2015-08-10,1.944839042801381e-05
2015-08-11,-3.743838482449325e-05
2015-08-12,-6.147742904941407e-05
2015-08-13,4.269247386041684e-05
2015-08-14,-1.372624367513382e-05
2015-08-17,2.5757606224108606e-05
2015-08-18,-3.379812943683586e-05
2015-08-19,-3.5353542127369775e-06
2015-08-20,-0.00011222222167559334
2015-08-21,6.691359656308982e-05
2015-08-24,-4.346918142325833e-05
2015-08-25,-0.00015296645152397125
2015-08-26,5.3249148378239875e-05
2015-08-27,-5.7697360420017975e-05
2015-08-28,4.221816320020985e-06
2015-08-31,2.832762845141713e-05
2015-09-01,1.0963267806777212e-05
2015-09-02,-0.0001129330652022974
2015-09-03,1.2330605631167421e-05
2015-09-04,-1.704558107679213e-05
2015-09-08,2.03531023855163e-07
2015-09-09,-2.4510605001962957e-05
2015-09-10,1.4087464565472076e-05
2015-09-11,-1.2072198905010178e-05
2015-09-14,9.156086813045891e-06
2015-09-15,-5.15065703467771e-06
2015-09-16,3.339851220422214e-06
2015-09-17,-2.0778712013263415e-05
2015-09-18,-5.1412674597838895e-05
2015-09-21,6.341676904669023e-05
2015-09-22,-9.075561342274407e-05
2015-09-23,6.024246778320125e-05
2015-09-24,2.238256524619451e-06
2015-09-25,-4.825137825302047e-06
2015-09-28,-4.454131916230155e-06
2015-09-29,0.00017953687736973784
2015-09-30,-0.00029611693797331807
2015-10-01,0.00032560350823590095
2015-10-02,-0.00021103171120169682
2015-10-05,-9.622985546862627e-05
2015-10-06,-9.103082922699726e-05
2015-10-07,5.660919287385483e-05
2015-10-08,7.198600405816908e-05
2015-10-09,-4.40231144819632e-05
2015-10-12,1.3774504923890212e-05
2015-10-13,-1.4277869263592661e-05
2015-10-14,-4.356333002508542e-06
2015-10-15,-9.770199086088013e-05
2015-10-16,0.00015102050436173123
2015-10-19,-5.9719511736139095e-05
2015-10-20,7.57736672281503e-06
2015-10-21,-4.4161826501949604e-06
2015-10-22,-4.419078702025717e-06
2015-10-23,-4.523052298901805e-06
2015-10-26,4.649796299260636e-05
2015-10-27,-7.618645757560102e-05
2015-10-28,-2.899453460145226e-05
2015-10-29,0.00013634270848901191
2015-10-30,-6.159142560289299e-05
2015-11-02,-4.520540097955414e-05
2015-11-03,-2.2357120051451747e-05
2015-11-04,-1.0275539495363008e-05
2015-11-05,3.246560997834148e-05
2015-11-06,-3.750840631944894e-05
2015-11-09,6.385089893214615e-05
2015-11-10,-6.887191248568234e-05
2015-11-11,-7.340144320395237e-06
2015-11-12,-1.3212565858847194e-05
2015-11-13,-5.192607098933783e-06
2015-11-16,-5.190180026587453e-06
2015-11-17,-5.193176239853035e-06
2015-11-18,-5.187795960599799e-06
2015-11-19,-5.165038609112541e-06
2015-11-20,-5.2115739639023526e-06
2015-11-23,3.101558636759525e-05
2015-11-24,-3.4347440871535576e-05
2015-11-25,2.7716918204126173e-05
2015-11-27,-3.845994275180381e-05
2015-11-30,-7.470857650310054e-06
2015-12-01,-9.324212123184394e-06
2015-12-02,-3.9993230926427186e-05
2015-12-03,2.3707419640167255e-05
2015-12-04,3.1050095547937464e-05
2015-12-07,-2.9661850283730435e-05
2015-12-08,9.953277693167458e-06
2015-12-09,-6.2416138538999884e-06
2015-12-10,2.3351267193678363e-06
2015-12-11,-2.2086701301976942e-05
2015-12-14,-4.0668924072319895e-05
2015-12-15,2.2106061353203206e-05
2015-12-16,-5.3754647833183415e-06
2015-12-17,6.458863213404327e-05
2015-12-18,-3.0224972313378e-05
2015-12-21,-2.268683555914543e-07
2015-12-22,-4.34376157045108e-05
2015-12-23,-9.859346040147566e-06
2015-12-24,-9.57994503221585e-06
2015-12-28,-5.017460743111203e-06
2015-12-29,-4.839252827339465e-06
2015-12-30,0.001188777826620405
2015-12-31,-0.0010998918702556902
2016-01-04,-0.00010617258355652352
2016-01-05,-0.0001276715045099673
2016-01-06,-8.294255280638317e-06
2016-01-07,-4.947853346720721e-06
2016-01-08,-3.3721927866804865e-05
2016-01-11,8.494951584298321e-05
2016-01-12,-4.2894596913936756e-05
2016-01-13,2.369389776621782e-05
2016-01-14,1.4031198309568655e-06
2016-01-15,-3.540316903142313e-05
2016-01-19,-5.083847879762261e-05
2016-01-20,9.257760462328807e-05
2016-01-21,-0.0001174546289825546
2016-01-22,5.36600805891018e-05
2016-01-25,9.587498328118489e-05
2016-01-26,-4.0871553555854335e-05
2016-01-27,-2.1989763560103724e-05
2016-01-28,-5.6797194287162095e-05
2016-01-29,-1.082931031526526e-05
2016-02-01,2.4147823844644107e-05
2016-02-02,7.693881826642389e-05
2016-02-03,-6.848546714609448e-05
2016-02-04,2.3929811168234068e-05
2016-02-05,-4.9913936853970684e-05
2016-02-08,2.7130368130400925e-05
2016-02-09,-6.6984550835356e-05
2016-02-10,5.149493321910796e-05
2016-02-11,-4.200389854998036e-06
2016-02-12,1.019200169002907e-05
2016-02-16,-4.2341124382736664e-06
2016-02-17,2.6680567274045767e-05
2016-02-18,-2.8366499957539675e-05
2016-02-19,-4.245998916617285e-06
2016-02-22,-1.080196617228122e-05
2016-02-23,2.672109361033278e-05
2016-02-24,-2.8564812349462254e-05
2016-02-25,-4.959167938313351e-06
2016-02-26,-1.0900727931981171e-05
2016-02-29,-4.379889312371458e-06
2016-03-01,-4.38443876234435e-06
2016-03-02,-1.979893459329504e-05
2016-03-03,-7.833557255423908e-06
2016-03-04,-7.625699819174244e-06
2016-03-07,1.1196116153660506e-05
2016-03-08,-3.101095526609899e-07
2016-03-09,-3.143146048796046e-05
2016-03-10,1.9897909573419787e-05
2016-03-11,-3.395429810339408e-06
2016-03-14,-1.2539550062307409e-05
2016-03-15,8.030493857714956e-06
2016-03-16,-1.953198985499571e-05
2016-03-17,-1.9507190680340764e-05
2016-03-18,2.0280318649768212e-05
2016-03-21,1.0272563489939431e-07
2016-03-22,2.930127026688717e-06
2016-03-23,-3.7892666295779164e-06
2016-03-24,-3.7752905304037965e-06
2016-03-28,-3.630146331706087e-06
2016-03-29,-3.644183350563535e-06
2016-03-30,0.0003003425074359116
2016-03-31,-0.00028541440448164203
2016-04-01,2.7663720042807892e-05
2016-04-04,-4.1554533573035346e-05
2016-04-05,-4.3274804292305566e-05
2016-04-06,-1.4817022841928402e-05
2016-04-07,1.3510023576023015e-05
2016-04-08,-2.607700345833203e-05
2016-04-11,2.7497720139758208e-05
2016-04-12,-1.4711748292741482e-06
2016-04-13,4.691919626409984e-06
2016-04-14,-3.492450395131867e-06
2016-04-15,-3.4886134216804404e-06
2016-04-18,-3.40771563313817e-05
2016-04-19,1.7968421283226364e-05
2016-04-20,2.3228130701926097e-05
2016-04-21,1.125543142019404e-05
2016-04-22,-2.562610013913272e-05
2016-04-25,-1.1835538064464099e-05
2016-04-26,-1.2425792598533176e-05
2016-04-27,-3.8396115375855245e-06
2016-04-28,-3.395170254380723e-05
2016-04-29,-1.1658843426702805e-05
2016-05-02,1.7981704368370307e-05
2016-05-03,4.31578019711911e-06
2016-05-04,4.673752492803582e-06
2016-05-05,-3.3705360138538305e-05
2016-05-06,1.8059202233635963e-05
2016-05-09,-4.053821138079404e-06
2016-05-10,-2.5018891630054494e-05
2016-05-11,1.792667879950031e-05
2016-05-12,-4.045360285304705e-06
2016-05-13,5.042685238673342e-06
2016-05-16,-3.7224094946695766e-06
2016-05-17,-3.723001729989048e-06
2016-05-18,5.691392191126799e-05
2016-05-19,0.00010553083244149455
2016-05-20,-0.00014194541635749323
2016-05-23,2.3464943261511194e-07
2016-05-24,-4.9977273064801035e-05
2016-05-25,3.634659467116372e-05
2016-05-26,-2.498597137284559e-05
2016-05-27,-6.546966230913998e-05
2016-05-31,6.003697006705883e-05
2016-06-01,-8.562296320811242e-05
2016-06-02,3.995323752231256e-05
2016-06-03,1.6009894785247383e-06
2016-06-06,-0.00010617545268959723
2016-06-07,6.33445442763616e-05
2016-06-08,1.2881004218058605e-05
2016-06-09,3.256417336075128e-05
2016-06-10,1.2989592264561894e-06
2016-06-13,-1.825059595006969e-05
2016-06-14,6.5409489254851845e-06
2016-06-15,-2.767092858642202e-06
2016-06-16,1.2158693045221163e-06
2016-06-17,1.1689785257107588e-05
2016-06-20,-1.325643510543852e-05
2016-06-21,1.1034054018354144e-05
2016-06-22,-1.769962007412899e-05
2016-06-23,-3.92715497646041e-06
2016-06-24,-7.834951172077902e-06
2016-06-27,2.5630124012742085e-05
2016-06-28,-2.380846820353842e-05
2016-06-29,-0.00011195379833256937
2016-06-30,0.00014125259154918032
2016-07-01,-8.360134034721874e-05
2016-07-05,0.00010154660919895576
2016-07-06,-6.858512669738446e-05
2016-07-07,1.6798441706547627e-06
2016-07-08,-2.4188891963806167e-05
2016-07-11,5.388430099954546e-05
2016-07-12,-1.1733804852815204e-05
2016-07-13,3.4100202977225612e-06
2016-07-14,-7.4219141140762e-05
2016-07-15,3.201735271859252e-05
2016-07-18,-6.544201119815636e-07
2016-07-19,-1.734248872898972e-05
2016-07-20,1.3933089302512812e-05
2016-07-21,-3.3176614217540756e-05
2016-07-22,-7.866810129267305e-06
2016-07-25,-1.3770767722263649e-05
2016-07-26,-5.0313008323405895e-06
2016-07-27,2.5212836601750792e-05
2016-07-28,-5.4094665753095835e-05
2016-07-29,4.1121561410846835e-05
2016-08-01,-8.958267356448056e-05
2016-08-02,3.771372276538043e-05
2016-08-03,2.4237166648338628e-05
2016-08-04,-7.317383975577518e-06
2016-08-05,-3.9169628043227535e-05
2016-08-08,3.6296593799405526e-05
2016-08-09,-1.981293213298365e-05
2016-08-10,-7.97299379698634e-07
2016-08-11,-4.352890610363567e-05
2016-08-12,4.4960345664543575e-05
2016-08-15,-4.879238047177475e-05
2016-08-16,1.5995280646220088e-05
2016-08-17,2.419107192086553e-05
2016-08-18,-1.5990199086512668e-05
2016-08-19,-9.878396657151763e-06
2016-08-22,-1.2001286990776197e-05
2016-08-23,-4.661321268151459e-06
2016-08-24,2.6199882600222997e-05
2016-08-25,-2.3756787031959624e-05
2016-08-26,-9.747698043986058e-06
2016-08-29,4.9543205963018094e-05
2016-08-30,-9.235360375519258e-05
2016-08-31,1.8263592995949925e-05
2016-09-01,-1.4180124083835903e-05
2016-09-02,5.7306814975794766e-06
2016-09-06,-2.0591904607982227e-05
2016-09-07,-2.588617358473872e-05
2016-09-08,1.7251125078779997e-05
2016-09-09,1.749016638182808e-05
2016-09-12,2.3113258538066614e-05
2016-09-13,-7.262866705669497e-05
2016-09-14,1.9653973476849322e-05
2016-09-15,-7.993950065229862e-06
2016-09-16,-8.263798247070788e-06
2016-09-19,5.686328803836687e-06
2016-09-20,-3.22240276358944e-06
2016-09-21,1.4590850768654715e-05
2016-09-22,-9.19076476962937e-05
2016-09-23,4.309353047740233e-05
2016-09-26,1.1503962858521245e-06
2016-09-27,1.2155946549616448e-05
2016-09-28,-4.478648240374822e-06
2016-09-29,0.0005935605612909772
2016-09-30,-0.0004670117282378883
2016-10-03,-1.5032737575887845e-05
2016-10-04,-8.750691643364747e-05
2016-10-05,-4.006654222426693e-06
2016-10-06,2.893518677599877e-05
2016-10-07,-6.909251008226254e-05
2016-10-10,-0.0001005620276799047
2016-10-11,6.998969329523438e-05
2016-10-12,-1.3579719724147108e-05
2016-10-13,-8.843162882556591e-07
2016-10-14,-1.0694350922398693e-05
2016-10-17,-4.214892959052155e-05
2016-10-18,2.1654549052205258e-05
2016-10-19,-3.671861375518488e-05
2016-10-20,2.7383939424386363e-05
2016-10-21,3.8354282111827435e-05
2016-10-24,1.0988063527180716e-05
2016-10-25,-3.0854950152759775e-07
2016-10-26,-4.147060865664989e-05
2016-10-27,-1.6076942916149755e-05
2016-10-28,-1.0147239205138261e-05
2016-10-31,-4.187712151422936e-05
2016-11-01,2.043159666501311e-05
2016-11-02,-3.5658030798504314e-05
2016-11-03,2.584794329269648e-05
2016-11-04,4.5546625098276097e-07
2016-11-07,-9.77448809835468e-08
2016-11-08,3.164710084751529e-05
2016-11-09,5.981149900041358e-06
2016-11-10,-3.6910064373443856e-05
2016-11-11,-5.265801629573514e-05
2016-11-14,1.5593518712242932e-05
2016-11-15,0.00011035551029340238
2016-11-16,-7.694032552216304e-05
2016-11-17,-2.2361957067016707e-05
2016-11-18,1.6976015656421853e-05
2016-11-21,-3.0713723132400215e-05
2016-11-22,2.5845248203735143e-05
2016-11-23,-3.575610154981649e-05
2016-11-25,2.5859109236856916e-05
2016-11-28,-3.5749736955828975e-05
2016-11-29,-1.1127271683420963e-05
2016-11-30,-9.504683075638102e-06
2016-12-01,-4.803930623335638e-06
2016-12-02,-4.858226491590606e-06
2016-12-05,-4.9094262371813304e-06
2016-12-06,1.3503100725143628e-05
2016-12-07,-1.8074214665200648e-05
2016-12-08,-8.017179640779817e-06
2016-12-09,-7.211185798350976e-06
2016-12-12,-4.903294838313153e-06
2016-12-13,-4.904740930893223e-06
2016-12-14,1.3610586973766672e-05
2016-12-15,-1.801957829292886e-05
2016-12-16,-7.861969182907731e-06
2016-12-19,-7.142400294562939e-06
2016-12-20,-4.850679833708175e-06
2016-12-21,-4.815759833777063e-06
2016-12-22,-4.789795244790242e-06
2016-12-23,-4.841429588973094e-06
2016-12-27,-4.771224350379321e-06
2016-12-28,-4.775799749400282e-06
2016-12-29,0.0011555742115453929
2016-12-30,-0.0007414995633160872
2017-01-03,-0.00028470239611847224
2017-01-04,-0.0001203045969830504
2017-01-05,-2.824170240057329e-05
2017-01-06,-5.031458879561042e-05
2017-01-09,5.118693282241418e-05
2017-01-10,-5.692242308074945e-05
2017-01-11,1.723709774106762e-05
2017-01-12,-3.7093319447450106e-05
2017-01-13,-1.5008945933737721e-05
2017-01-17,7.58115515453651e-05
2017-01-18,-6.102510979539128e-05
2017-01-19,6.422652723069358e-05
2017-01-20,4.492044380051905e-05
2017-01-23,-9.69591964880269e-05
2017-01-24,-6.33616472199657e-05
2017-01-25,0.00011159369012758175
2017-01-26,-2.820373858756802e-05
2017-01-27,-1.6134020979313662e-05
2017-01-30,-3.150356043167433e-05
2017-01-31,-4.085410507642771e-06
2017-02-01,-5.15747127678219e-05
2017-02-02,-2.7610242858189134e-05
2017-02-03,2.8784336768805155e-05
2017-02-06,1.796065657764956e-05
2017-02-07,-0.0001156896576758386
2017-02-08,-1.3038590122594772e-05
2017-02-09,-1.2486161451553578e-05
2017-02-10,3.222279261945346e-05
2017-02-13,-3.1982973430225586e-05
2017-02-14,6.001041370745594e-06
2017-02-15,-5.572058107126651e-06
2017-02-16,7.547447525117064e-05
2017-02-17,-0.00016143873862876297
2017-02-21,-4.445217172886233e-05
2017-02-22,3.0726530107887576e-05
2017-02-23,-5.293707855416594e-05
2017-02-24,2.8160096926306338e-05
2017-02-27,-1.4675095446524586e-05
2017-02-28,0.00015404579699021865
2017-03-01,-3.5578538199217374e-05
2017-03-02,0.00026827008378289607
2017-03-03,2.6381413147530717e-05
2017-03-06,-2.8641037061435896e-05
2017-03-07,-9.826949895194812e-05
2017-03-08,-5.9206482181850534e-05
2017-03-09,-7.158467742899117e-05
2017-03-10,-8.203791703081249e-05
2017-03-13,-4.0405264995427115e-05
2017-03-14,-8.374542239214828e-05
2017-03-15,-5.9793418009984714e-05
2017-03-16,-6.249290900929055e-05
2017-03-17,-9.388109738773762e-05
2017-03-20,-8.441927890973647e-05
2017-03-21,-7.779641428345262e-05
2017-03-22,-7.84313144314217e-05
2017-03-23,-6.753530621266621e-05
2017-03-24,-5.821652709686364e-05
2017-03-27,-5.1677604942785894e-05
2017-03-28,-4.4014142621154635e-05
2017-03-29,-3.7677390423111536e-05
2017-03-30,0.0019335456637246515
2017-03-31,-0.0011128764592595569
2017-04-03,-0.0006030129603014713
2017-04-04,-0.0002573217777291077
2017-04-05,-2.58641679290573e-05
2017-04-06,9.547710514853987e-05
2017-04-07,-6.91676218669301e-05
2017-04-10,-3.55369080637592e-05
2017-04-11,-2.377003191988439e-05
2017-04-12,-0.00011668527951575596
2017-04-13,0.00011283363270389913
2017-04-17,-4.962951374663914e-05
2017-04-18,-9.091927247662605e-05
2017-04-19,-2.723246412640029e-05
2017-04-20,0.0001278910531273422
2017-04-21,0.00013058120303522497
2017-04-24,-0.0002007770430148562
2017-04-25,0.0002615294472035598
2017-04-26,-9.279212008734624e-05
2017-04-27,-0.00010172358937890304
2017-04-28,-5.214510739694419e-05
2017-05-01,-9.135197400397857e-06
2017-05-02,-4.560268258473304e-06
2017-05-03,-5.1929893452409574e-05
2017-05-04,7.136923227043666e-05
2017-05-05,2.897836299223764e-05
2017-05-08,5.4291805607920684e-05
2017-05-09,-3.2934831282062446e-05
2017-05-10,-1.7936639842750295e-05
2017-05-11,-0.00010532838216997525
2017-05-12,4.517763982257534e-06
2017-05-15,-9.19562019767028e-05
2017-05-16,5.9771910906987786e-05
2017-05-17,2.280810865843934e-05
2017-05-18,-0.0001858843798388678
2017-05-19,0.00025678215752423936
2017-05-22,3.3092536681834282e-06
2017-05-23,2.7418944624654027e-06
2017-05-24,-1.7396894052028883e-05
2017-05-25,-5.217412365691745e-05
2017-05-26,-2.2749254487525036e-05
2017-05-30,-1.0455217446436095e-05
2017-05-31,4.317034350164005e-05
2017-06-01,-9.654139359719337e-06
2017-06-02,1.6438104092036878e-05
2017-06-05,-2.2144605173655234e-05
2017-06-06,-3.396601967320102e-05
2017-06-07,-1.6175724985781763e-05
2017-06-08,1.6457385835448872e-05
2017-06-09,-1.9441962940034834e-05
2017-06-12,-1.0214025606991399e-05
2017-06-13,-7.062298925623522e-06
2017-06-14,-4.39367628998538e-06
2017-06-15,4.344001737214403e-05
2017-06-16,-1.045980711402864e-05
2017-06-19,-3.1722197856801254e-05
2017-06-20,-1.615909707184787e-05
2017-06-21,-7.232606644752491e-06
2017-06-22,-4.401313261728979e-06
2017-06-23,-4.353703719673666e-06
2017-06-26,-4.187892983461317e-06
2017-06-27,-3.6465784013312037e-06
2017-06-28,-3.7163650657791686e-06
2017-06-29,0.001126424835654789
2017-06-30,-0.0007247284269685319
2017-07-03,-0.00021076649645111658
2017-07-05,-0.000201224306653295
2017-07-06,3.0493329264549404e-05
2017-07-07,-8.463367211835975e-05
2017-07-10,-3.0999769967741406e-05
2017-07-11,2.5562359614435835e-05
2017-07-12,1.41326513827744e-05
2017-07-13,4.25842438881579e-06
2017-07-14,-4.434412864474179e-06
2017-07-17,-4.371348066511484e-06
2017-07-18,-4.255986403869725e-06
2017-07-19,-4.345031549887742e-06
2017-07-20,-4.352617900780387e-06
2017-07-21,-4.754713746483839e-05
2017-07-24,2.1900795442727386e-05
2017-07-25,4.395442670954746e-06
2017-07-26,4.8988666853774506e-06
2017-07-27,-4.02565838487244e-06
2017-07-28,-3.832714993665427e-06
2017-07-31,-3.978136194984793e-06
2017-08-01,-3.716579870202022e-06
2017-08-02,-4.064806918231462e-06
2017-08-03,-3.87526519322545e-06
2017-08-04,-3.805435075382452e-06
2017-08-07,-4.018652117363425e-06
2017-08-08,-4.114818273699398e-06
2017-08-09,-4.1435118864580554e-06
2017-08-10,-4.298144914900844e-06
2017-08-11,-4.9920224387823416e-05
2017-08-14,2.110641821823145e-05
2017-08-15,7.620405570316226e-06
2017-08-16,6.532212778630235e-06
2017-08-17,-3.982087601997319e-06
2017-08-18,-4.153772587867587e-06
2017-08-21,-4.211404078283226e-06
2017-08-22,-4.971437054609419e-05
2017-08-23,-4.0649020687573365e-06
2017-08-24,-4.039555459135916e-06
2017-08-25,-3.8367643711984716e-06
2017-08-28,-3.855088447166363e-06
2017-08-29,-3.7249711983245786e-06
2017-08-30,-3.867321365072649e-06
2017-08-31,-3.98426796780209e-06
2017-09-01,1.4894795083159497e-05
2017-09-05,-3.337051628000811e-05
2017-09-06,1.5308382204910106e-06
2017-09-07,-3.90298124621423e-06
2017-09-08,1.7627736920467098e-07
2017-09-11,-4.056876612169001e-06
2017-09-12,-4.053002691602455e-06
2017-09-13,-4.0149746625149514e-06
2017-09-14,-4.099935031405238e-06
2017-09-15,-4.209592048104446e-06
2017-09-18,-4.406299415810424e-06
2017-09-19,-4.410833140633027e-06
2017-09-20,-3.866364287440681e-06
2017-09-21,-3.8353085739998834e-06
2017-09-22,-3.822806345708347e-06
2017-09-25,-3.4976738918494303e-06
2017-09-26,-3.2729634365429267e-06
2017-09-27,-2.8344525796857894e-06
2017-09-28,0.0009245006842232282
2017-09-29,-0.0005181827169243975
2017-10-02,-0.00018974984941814754
2017-10-03,-0.0002560157116342365
2017-10-04,8.971847941104824e-06
2017-10-05,4.261400242409256e-05
2017-10-06,1.9599313432625774e-05
2017-10-09,8.938928389534311e-06
2017-10-10,-5.0955672673371326e-05
2017-10-11,-2.877648337343637e-05
2017-10-12,-1.7205941915426852e-05
2017-10-13,-4.141115307614335e-06
2017-10-16,-4.9978527117214896e-05
2017-10-17,6.41762445541536e-05
2017-10-18,3.048800527371942e-05
2017-10-19,-2.275827111642492e-05
2017-10-20,-7.74392717395644e-05
2017-10-23,5.039358654658813e-05
2017-10-24,3.3785182553069886e-05
2017-10-25,-2.1828929296891058e-05
2017-10-26,-3.1617804384725954e-05
2017-10-27,-1.883157288994604e-05
2017-10-30,-3.4692105704980064e-06
2017-10-31,-3.780198588350821e-06
2017-11-01,-3.6399523853567473e-06
2017-11-02,-3.6078978936873517e-06
2017-11-03,-3.4704179901416054e-06
2017-11-06,4.344680270735226e-05
2017-11-07,-2.382219709641199e-05
2017-11-08,3.1476752789931575e-05
2017-11-09,-3.8626455119362443e-05
2017-11-10,-1.5602141577076587e-05
2017-11-13,-1.8098051360780295e-05
2017-11-14,-3.577394244937265e-06
2017-11-15,-4.692384232426805e-05
2017-11-16,0.00010610242093341574
2017-11-17,-3.4409913761256875e-05
2017-11-20,-4.684342899974769e-05
2017-11-21,-6.508686074501206e-05
2017-11-22,-2.1678962815546367e-05
2017-11-24,-2.333890652035462e-05
2017-11-27,-2.0769122011383422e-05
2017-11-28,-1.9393969899849053e-05
2017-11-29,-1.4379450540373554e-05
2017-11-30,-1.9301530562162174e-05
2017-12-01,8.41176027647726e-06
2017-12-04,-4.829090542429772e-05
2017-12-05,-2.4119148331375578e-05
2017-12-06,1.1165357404833331e-05
2017-12-07,-2.8791271849793798e-06
2017-12-08,-2.584842363986037e-05
2017-12-11,1.6974544983884793e-05
2017-12-12,-1.0652916518629993e-05
2017-12-13,2.4924108586820783e-05
2017-12-14,-2.1335921662122393e-05
2017-12-15,3.6021264011643554e-05
2017-12-18,-7.607057696874167e-05
2017-12-19,4.871816789234902e-06
2017-12-20,-1.3325502803163866e-05
2017-12-21,7.335960705489846e-05
2017-12-22,-1.787848177187741e-05
2017-12-26,-5.057216309661072e-05
2017-12-27,1.443745359443622e-05
2017-12-28,0.0013255877827924583
2017-12-29,-0.0005020158139634968
2018-01-02,-0.00048344434537052165
2018-01-03,-0.00038685215749725745
2018-01-04,2.3459160553884464e-05
2018-01-05,8.72337692783258e-06
2018-01-08,-4.676447515112584e-06
2018-01-09,-8.869322651668623e-05
2018-01-10,-1.9943059711596245e-05
2018-01-11,-4.766807112725896e-06
2018-01-12,9.742039606456741e-06
2018-01-16,3.8870141611186325e-05
2018-01-17,2.3542581320690877e-05
2018-01-18,-3.4155410061185915e-05
2018-01-19,-7.090942176980568e-05
2018-01-22,3.0810286978325013e-06
2018-01-23,4.88881729000966e-05
2018-01-24,-7.841157808570378e-06
2018-01-25,-1.3211315435178443e-05
2018-01-26,2.408675172036825e-05
2018-01-29,2.5030617701783097e-05
2018-01-30,-8.938409149657e-05
2018-01-31,-1.842279086837233e-05
2018-02-01,-9.936838700341076e-06
2018-02-02,8.110179332531835e-06
2018-02-05,-4.759555728996644e-05
2018-02-06,-2.7773712704744573e-05
2018-02-07,2.682755200243464e-05
2018-02-08,6.168274246731813e-05
2018-02-09,-5.5924257011885964e-05
2018-02-12,4.66019066906977e-05
2018-02-13,1.8633006190135928e-05
2018-02-14,-2.4160119029446306e-05
2018-02-15,1.5119764024676969e-05
2018-02-16,-3.512189665621427e-05
2018-02-20,-5.8511362933104606e-05
2018-02-21,3.89772999528945e-06
2018-02-22,7.626049515408226e-06
2018-02-23,4.910299322401115e-05
2018-02-26,-2.374569629530382e-05
2018-02-27,-1.628406813548801e-05
2018-02-28,-1.561201378642697e-05
2018-03-01,-4.478266116983921e-06
2018-03-02,-2.5515198866297194e-05
2018-03-05,5.105621104672864e-06
2018-03-06,2.3161265821075567e-05
2018-03-07,-8.787863983482701e-06
2018-03-08,-1.1054442444332053e-05
2018-03-09,-9.722256602776389e-06
2018-03-12,-4.354878511191242e-06
2018-03-13,-4.403936598274369e-06
2018-03-14,-4.417677703354881e-06
2018-03-15,1.681664421958239e-05
2018-03-16,-1.3925952704794488e-05
2018-03-19,3.196844814081522e-05
2018-03-20,-5.0861082474520086e-05
2018-03-21,-7.538313449641844e-06
2018-03-22,1.1949883625385247e-05
2018-03-23,-8.272230320292648e-06
2018-03-26,-1.0932507473448856e-05
2018-03-27,-3.073094540911513e-05
2018-03-28,0.002556807325981618
2018-03-29,-0.001037777810561805
2018-04-02,-0.0008516451975746238
2018-04-03,-0.0006757835060066332
2018-04-04,-2.030231437622949e-05
2018-04-05,2.717642067668051e-05
2018-04-06,2.139353516749903e-05
2018-04-09,-0.0001233023740324877
2018-04-10,4.28612459729243e-05
2018-04-11,3.6084265138507804e-05
2018-04-12,3.542814008182384e-05
2018-04-13,3.9142095607408084e-05
2018-04-16,-0.00011069478700500172
2018-04-17,-3.942652535229893e-05
2018-04-18,6.244727793979612e-05
2018-04-19,2.6054273831317272e-05
2018-04-20,-8.836809820366776e-05
2018-04-23,-4.7093132947835864e-05
2018-04-24,5.9992222934796245e-05
2018-04-25,-1.1310461595598968e-05
2018-04-26,6.062368719839734e-05
2018-04-27,-0.00017916036960118696
2018-04-30,-9.418902470630604e-05
2018-05-01,-8.512880262059462e-05
2018-05-02,-2.6016467556269847e-05
2018-05-03,-7.51767689458347e-05
2018-05-04,-0.00011292688585005753
2018-05-07,-1.554820383103691e-05
2018-05-08,-1.442462205250755e-05
2018-05-09,-1.8460563222852528e-05
2018-05-10,-0.0001122031840531436
2018-05-11,-6.012076924213895e-05
2018-05-14,-5.7419116888680694e-05
2018-05-15,-4.988189289747566e-05
2018-05-16,-6.207739201734278e-07
2018-05-17,-5.8007481404292544e-05
2018-05-18,-5.106368132447734e-05
2018-05-21,-9.62863135628443e-05
2018-05-22,8.055577937873302e-06
2018-05-23,-4.385790916614008e-05
2018-05-24,-0.0002950484566085094
2018-05-25,6.11931770358441e-05
2018-05-29,-8.91399995396858e-05
2018-05-30,-0.00020579948584170804
2018-05-31,7.598638707723526e-05
2018-06-01,-5.784562933513833e-05
2018-06-04,3.6960420527803984e-05
2018-06-05,-2.311956162993757e-05
2018-06-06,-7.100637598745976e-05
2018-06-07,-1.948809768797958e-05
2018-06-08,-5.791420425690849e-05
2018-06-11,-6.0345859852131295e-05
2018-06-12,-5.783656747085035e-06
2018-06-13,-3.580262155526405e-05
2018-06-14,-5.751172186805343e-05
2018-06-15,-3.387285610268383e-05
2018-06-18,-8.114665784405969e-05
2018-06-19,-9.079331747678033e-06
2018-06-20,-5.9248420115565585e-05
2018-06-21,1.6018296436791666e-05
2018-06-22,-1.3405612171048865e-05
2018-06-25,-2.865206821909243e-05
2018-06-26,-6.050598226292183e-05
2018-06-27,-6.126610540745445e-07
2018-06-28,0.0012256532343247995
2018-06-29,-0.00019917162081065846
2018-07-02,-9.14499428142958e-05
2018-07-03,-0.00014124758225536924
2018-07-05,-0.00018235114305739604
2018-07-06,-0.00010664787661910871
2018-07-09,-0.00011715941029576062
2018-07-10,-9.098716086915559e-05
2018-07-11,-7.431144137530009e-05
2018-07-12,-9.046907395047638e-05
2018-07-13,-3.0848978255983604e-05
2018-07-16,-8.572604121121497e-05
2018-07-17,-7.93182234818476e-05
2018-07-18,2.417382884248972e-05
2018-07-19,-0.00012772758016863948
2018-07-20,-7.106393205401901e-05
2018-07-23,-0.00011110908564401178
2018-07-24,-8.425108373391913e-06
2018-07-25,-5.527116138713559e-05
2018-07-26,-5.125146082505919e-05
2018-07-27,-2.8194526257413726e-06
2018-07-30,-9.322741692978e-05
2018-07-31,1.1341587562310138e-05
2018-08-01,-8.480186582270237e-05
2018-08-02,-8.049182913153302e-05
2018-08-03,-2.5601073277272956e-05
2018-08-06,-2.6490723820508547e-05
2018-08-07,-2.7128621873953898e-05
2018-08-08,-7.529292803153408e-05
2018-08-09,-2.6559456409627595e-05
2018-08-10,-7.456745646552446e-05
2018-08-13,2.446990035789906e-05
2018-08-14,-7.425803171635207e-05
2018-08-15,2.5104686744104396e-05
2018-08-16,-2.7943093616149206e-05
2018-08-17,-2.4861561222460694e-05
2018-08-20,2.4270002960263924e-05
2018-08-21,-7.49746541205447e-05
2018-08-22,2.606781678304771e-05
2018-08-23,-7.759778083170476e-05
2018-08-24,2.1273409530007844e-05
2018-08-27,-2.8152770880350172e-05
2018-08-28,-2.192057744256307e-05
2018-08-29,2.8312763377946904e-05
2018-08-30,-7.303026936068864e-05
2018-08-31,2.107269242636152e-05
2018-09-04,-7.034836946305298e-05
2018-09-05,-4.691440040776363e-05
2018-09-06,2.276538173907022e-05
2018-09-07,-5.9367855549839235e-05
2018-09-10,-4.380686561936917e-05
2018-09-11,-2.5089408497704853e-05
2018-09-12,-1.299102856358517e-06
2018-09-13,-1.4340866853556973e-06
2018-09-14,-5.1304370432366986e-05
2018-09-17,-2.684692800269961e-05
2018-09-18,7.401163282629333e-07
2018-09-19,-1.900378004135117e-05
2018-09-20,-1.592309116388102e-05
2018-09-21,-4.177615311844979e-05
2018-09-24,7.2351903227430605e-06
2018-09-25,-1.870006741566853e-05
2018-09-26,5.3074095721145136e-06
2018-09-27,0.0028012711260951414
2018-09-28,-0.0002180827564034521
2018-10-01,-0.0003170206483561461
2018-10-02,-0.00013261659291348383
2018-10-03,-0.00019730398073364107
2018-10-04,-0.00020371074124032044
2018-10-05,-0.00015804422996441771
2018-10-08,-0.0001826374789381475
2018-10-09,-0.00010656375609329578
2018-10-10,-0.00029689052021411935
2018-10-11,-0.0003792040618304863
2018-10-12,-0.0003535666971880098
2018-10-15,-0.000276791302555636
2018-10-16,-0.000303221003927633
2018-10-17,-7.616353179110708e-05
2018-10-18,6.0153969004784193e-05
2018-10-19,3.989069789236131e-05
2018-10-22,0.00011144510484055333
2018-10-23,-0.0002699463766337281
2018-10-24,-0.00017518481735024193
2018-10-25,-0.00012025106979103773
2018-10-26,-5.831895049237608e-05
2018-10-29,-9.893266886336685e-05
2018-10-30,8.55654425521768e-06
2018-10-31,-4.3425117483585196e-05
2018-11-01,6.363869721990241e-06
2018-11-02,-4.527344680659252e-05
2018-11-05,4.281752588525762e-06
2018-11-06,-9.534019941457789e-05
2018-11-07,7.793421814626073e-06
2018-11-08,-4.225583069341132e-05
2018-11-09,5.45047028313895e-05
2018-11-12,8.752521116589361e-08
2018-11-13,-9.87914142568826e-05
2018-11-14,-9.399939725353778e-05
2018-11-15,-8.810793969299456e-05
2018-11-16,-3.665368991370609e-05
2018-11-19,-3.291995228157277e-05
2018-11-20,-8.3072268903545e-05
2018-11-21,-3.185487212262582e-05
2018-11-23,1.4491151695892393e-05
2018-11-26,-3.1035381496603e-05
2018-11-27,1.3323284893698484e-05
2018-11-28,-8.669091747237163e-05
2018-11-29,-3.2436426243300684e-05
2018-11-30,-3.09874024410802e-05
2018-12-03,-7.918309142863347e-05
2018-12-04,9.477968261560588e-07
2018-12-05,-4.7926381509445415e-05
2018-12-06,-2.7150073448803903e-05
2018-12-07,-4.6760308841625105e-05
2018-12-10,-4.93185671654898e-05
2018-12-11,-7.015317911298656e-05
2018-12-12,3.0982396621755305e-05
2018-12-13,-2.25097327305199e-05
2018-12-14,-2.490664352389354e-05
2018-12-17,-2.7385090315087494e-05
2018-12-18,-9.902449848175196e-05
2018-12-19,-1.6369360183155645e-05
2018-12-20,0.00010494719588946433
2018-12-21,-2.4811912177155414e-05
2018-12-24,-3.7044234208119424e-06
2018-12-26,-5.350933072012104e-05
2018-12-27,-2.847122479006856e-05
2018-12-28,0.001125256357012185
2018-12-31,-1.0057772187198246e-05
2019-01-02,-0.00017006457010491696
2019-01-03,-0.00010237514712956802
2019-01-04,-0.000345315281091378
2019-01-07,0.0001301337791336723
2019-01-08,-3.699517053303323e-06
2019-01-09,6.712348167658679e-05
2019-01-10,-0.00015783957692703382
2019-01-11,-2.8874591155061394e-05
2019-01-14,-0.00011900197200011352
2019-01-15,-5.7675659045978245e-05
2019-01-16,-9.912997905537455e-05
2019-01-17,-3.449678855471975e-05
2019-01-18,-3.0353194581996978e-05
2019-01-22,1.9677743996237903e-05
2019-01-23,-3.218451988081547e-05
2019-01-24,1.7639316328789096e-05
2019-01-25,-3.5674316500583165e-05
2019-01-28,-3.8698714719391446e-05
2019-01-29,-0.00013518025017926125
2019-01-30,2.0962449130121894e-05
2019-01-31,-2.656356461052322e-05
2019-02-01,-7.57075859856652e-05
2019-02-04,-2.150564747176144e-05
2019-02-05,-2.4568051005010764e-05
2019-02-06,-2.5685443149001997e-05
2019-02-07,-2.3432678081446636e-05
2019-02-08,-2.65605545320016e-05
2019-02-11,-7.394525935119976e-05
2019-02-12,2.494191959744476e-05
2019-02-13,-2.7254820006576574e-05
2019-02-14,-2.8810121001057932e-05
2019-02-15,-1.5885313304752996e-05
2019-02-19,-3.411854210042762e-05
2019-02-20,-4.963043600880273e-05
2019-02-21,-1.36782153197927e-05
2019-02-22,3.475580113004817e-05
2019-02-25,-1.5014071275084415e-05
2019-02-26,-3.961223816402006e-05
2019-02-27,1.1631975713176193e-05
2019-02-28,-3.827447767266128e-05
2019-03-01,-1.2187108502779888e-05
2019-03-04,-1.0648776725664784e-05
2019-03-05,-1.2399204385248075e-05
2019-03-06,-1.229279416123992e-05
2019-03-07,-1.098685771364973e-05
2019-03-08,-3.659664736947838e-05
2019-03-11,-1.0582034564150348e-05
2019-03-12,-1.2522425871714971e-05
2019-03-13,-1.1298177563003381e-05
2019-03-14,1.4621202465931818e-05
2019-03-15,-3.721100139465437e-05
2019-03-18,-1.5253047605336581e-05
2019-03-19,-1.433820515656468e-05
2019-03-20,-1.1041027480953629e-05
2019-03-21,1.9498727030265816e-05
2019-03-22,-5.5254933125689785e-06
2019-03-25,-6.741939559488588e-06
2019-03-26,1.9939950364575773e-05
2019-03-27,-3.0392354846932413e-05
2019-03-28,-0.0004214492372111611
2019-03-29,6.13424254222837e-05
2019-04-01,0.00011253907748586366
2019-04-02,9.810921359241098e-05
2019-04-03,-4.417195591142648e-05
2019-04-04,9.314471962033453e-05
2019-04-05,-1.0722109961454191e-05
2019-04-08,4.260869041246901e-05
2019-04-09,-1.501827706491633e-05
2019-04-10,-6.200354525183372e-05
2019-04-11,-6.004464195792311e-06
2019-04-12,8.826238392561553e-05
2019-04-15,-1.5326871069417994e-05
2019-04-16,4.3016456235559405e-05
2019-04-17,-1.575908922430842e-05
2019-04-18,3.786837260994696e-05
2019-04-22,-8.12203826030887e-06
2019-04-23,-1.7379970169846055e-05
2019-04-24,-5.8088729800138104e-05
2019-04-25,-0.0001037607781896768
2019-04-26,8.889741124643857e-05
2019-04-29,-5.2181983681685986e-05
2019-04-30,-1.187306020689798e-05
2019-05-01,-8.703969854243536e-06
2019-05-02,-0.00015257153521589553
2019-05-03,0.00014867610332838853
2019-05-06,-9.861915554230542e-05
2019-05-07,-5.417899290320602e-05
2019-05-08,-4.3664307238368435e-05
2019-05-09,4.8937481621547517e-05
2019-05-10,-9.716191823580125e-05
2019-05-13,-4.2217022456552845e-05
2019-05-14,-9.072136092823062e-05
2019-05-15,9.343407699617632e-06
2019-05-16,0.00011115358914604246
2019-05-17,0.00010617655334600675
2019-05-20,-4.7700038393381404e-05
2019-05-21,5.0573605310975624e-05
2019-05-22,4.6676658456527325e-05
2019-05-23,-6.025806705366059e-06
2019-05-24,-4.9597229457709946e-05
2019-05-28,4.8503070836043865e-05
2019-05-29,-2.661461028317892e-06
2019-05-30,5.103937573823706e-05
2019-05-31,1.5091198225166975e-06
2019-06-03,-0.0001507429642669648
2019-06-04,-0.0001186074514983248
2019-06-05,7.806094140455711e-05
2019-06-06,-1.5655901388176487e-05
2019-06-07,3.474100766917948e-05
2019-06-10,-0.00013550266538875526
2019-06-11,8.04314597683516e-05
2019-06-12,5.7310239881731854e-05
2019-06-13,-4.59861182132908e-05
2019-06-14,-4.331486603792317e-05
2019-06-17,5.8046943899344705e-05
2019-06-18,-1.9430449032593235e-05
2019-06-19,-1.740879738267943e-05
2019-06-20,0.00018072752346385984
2019-06-21,-2.6713451981771983e-05
2019-06-24,2.2514081525249335e-05
2019-06-25,4.903628141624486e-05
2019-06-26,-1.0073154461156047e-05
2019-06-27,-0.003913843292190678
2019-06-28,-2.6872568439997163e-05
2019-07-01,0.00020975577411190603
2019-07-02,0.0005388888896540461
2019-07-03,-4.839167511324445e-05
2019-07-05,0.00010208387646512489
2019-07-08,0.000659992603135196
2019-07-09,0.00014595777704504468
2019-07-10,0.0001745573328699132
2019-07-11,-0.0005928797448877791
2019-07-12,0.0001399196397690549
2019-07-15,-0.0001553794215306366
2019-07-16,-9.282674659971464e-05
2019-07-17,7.240870200277641e-05
2019-07-18,-0.0003345681429571456
2019-07-19,-0.0008025817914827482
2019-07-22,0.0010825589530223632
2019-07-23,5.50632538254066e-05
2019-07-24,0.00021229656233734068
2019-07-25,-6.025491441101656e-05
2019-07-26,0.00018619022458683562
2019-07-29,0.00013253072634223642
2019-07-30,-7.753783656777537e-06
2019-07-31,0.00021504284712754122
2019-08-01,0.00042627998534871023
2019-08-02,-0.000251982670438154
2019-08-05,-0.00012906580140690827
2019-08-06,-0.0005316846968581425
2019-08-07,0.00018725551942445353
2019-08-08,-0.00010880041715658769
2019-08-09,0.00026401836110167534
2019-08-12,4.686460468479077e-06
2019-08-13,-9.294863805620769e-05
2019-08-14,0.00030994402450343556
2019-08-15,-0.00027484633173460846
2019-08-16,-0.00012572810801202277
2019-08-19,0.0003191742922978798
2019-08-20,0.00023895448112782523
2019-08-21,4.967795086751025e-05
2019-08-22,7.874947685563494e-06
2019-08-23,0.00011281939862043282
2019-08-26,-0.00016817186691541958
2019-08-27,0.00015368917188337942
2019-08-28,2.027377281489678e-05
2019-08-29,1.8932810347367463e-05
2019-08-30,7.149435953318427e-05
2019-09-03,1.691882822603552e-05
2019-09-04,-8.146110553223779e-05
2019-09-05,-3.282267385714454e-05
2019-09-06,0.00015492793519670715
2019-09-09,8.868848859864317e-05
2019-09-10,-4.087212520805512e-05
2019-09-11,6.210610690902233e-05
2019-09-12,1.7852119654323594e-05
2019-09-13,7.865263198383891e-06
2019-09-16,0.00011871792529306406
2019-09-17,0.00015036896732099008
2019-09-18,0.0001669503803402561
2019-09-19,-0.00010549926813630296
2019-09-20,-0.0001484250004002454
2019-09-23,-8.120779583917373e-05
2019-09-24,5.867083722958044e-05
2019-09-25,8.855388634406537e-05
2019-09-26,-3.145525998491077e-05
2019-09-27,-0.0034912482740276493
2019-09-30,-7.320685352073253e-05
2019-10-01,-5.624635361111218e-05
2019-10-02,-0.0002861702184545767
2019-10-03,-0.00018843596669269994
2019-10-04,-0.0005000327369898892
2019-10-07,0.00042413978025165736
2019-10-08,0.000198104189352804
2019-10-09,-3.12178733049024e-05
2019-10-10,-1.770099587542024e-05
2019-10-11,0.00025358245884680823
2019-10-14,0.00032499340473631996
2019-10-15,0.00012408222982236646
2019-10-16,6.427812230495255e-05
2019-10-17,-0.00023256530895354543
2019-10-18,9.328291752588432e-05
2019-10-21,-0.0002396908760277522
2019-10-22,7.530664043806356e-05
2019-10-23,-1.3226400615004683e-05
2019-10-24,6.671084250000573e-05
2019-10-25,0.00012461890641490933
2019-10-28,0.00011906021489273516
2019-10-29,8.259873740422907e-05
2019-10-30,-3.928493302506802e-05
2019-10-31,-6.985391603683011e-05
2019-11-01,2.7527616657442255e-05
2019-11-04,0.0002865373605362374
2019-11-05,7.720035781128928e-05
2019-11-06,6.589985125271328e-05
2019-11-07,4.2826296924488977e-05
2019-11-08,2.1115224225030447e-06
2019-11-11,7.539902096765277e-05
2019-11-12,0.00011671417626584367
2019-11-13,5.8296606759046116e-05
2019-11-14,4.4221500369510835e-06
2019-11-15,2.9582698351784447e-05
2019-11-18,3.0226219175372707e-06
2019-11-19,0.00010577154217242008
2019-11-20,5.3968884759177654e-05
2019-11-21,8.457315069437188e-05
2019-11-22,8.395024759854926e-05
2019-11-25,2.5213981625236754e-05
2019-11-26,-2.2779685368981183e-05
2019-11-27,3.595191618082799e-05
2019-11-29,4.283635978520577e-05
2019-12-02,4.508018940418716e-05
2019-12-03,6.637435500354293e-05
2019-12-04,-1.6616138201838643e-05
2019-12-05,-1.0516849468182225e-05
2019-12-06,1.3178341608245783e-05
2019-12-09,3.947650525644992e-05
2019-12-10,4.145976012735823e-05
2019-12-11,6.887202699280957e-05
2019-12-12,3.8089098794266476e-05
2019-12-13,1.1212233266624194e-05
2019-12-16,1.2377998803660036e-05
2019-12-17,6.453922133028683e-05
2019-12-18,6.474716037736423e-05
2019-12-19,1.3591783249145825e-05
2019-12-20,3.072462259791606e-05
2019-12-23,1.6335732927082271e-06
2019-12-24,3.193358542001988e-05
2019-12-26,3.4409970381957414e-05
2019-12-27,2.8370062391993896e-05
2019-12-30,9.797620125417223e-05
2019-12-31,6.976409935963939e-05
2020-01-02,-2.6973926246092074e-05
2020-01-03,1.8435265637157177e-05
2020-01-06,6.575362287657498e-05
2020-01-07,7.048917129538746e-05
2020-01-08,-2.593610153830541e-05
2020-01-09,5.885018010461184e-05
2020-01-10,-3.851585871659279e-05
2020-01-13,2.150423898148702e-05
2020-01-14,0.000117687998986204
2020-01-15,5.463466941407003e-05
2020-01-16,5.7060350788953473e-05
2020-01-17,-4.899430841896336e-05
2020-01-21,4.8816252930476945e-05
2020-01-22,-8.958837211239901e-05
2020-01-23,2.0427996952279655e-05
2020-01-24,1.6176911036348922e-05
2020-01-27,9.428462589345837e-06
2020-01-28,-0.00012325810727350703
2020-01-29,0.0001087319237365411
2020-01-30,0.00010693155450430617
2020-01-31,1.1135918805784895e-05
2020-02-03,-0.00017596954457438238
2020-02-04,0.00014058704847041024
2020-02-05,5.7826111445424976e-05
2020-02-06,7.1569866934129e-05
2020-02-07,-8.292831384962946e-05
2020-02-10,2.897969794445838e-05
2020-02-11,-8.417889982469756e-05
2020-02-12,7.198959670282733e-05
2020-02-13,2.256872487914606e-05
2020-02-14,-1.993003217532839e-06
2020-02-18,-3.08553573952122e-05
2020-02-19,3.952199665657386e-06
2020-02-20,5.605845352651056e-05
2020-02-21,2.8408932430405622e-06
2020-02-24,1.3659957216745127e-05
2020-02-25,-0.00015142062847248915
2020-02-26,-4.1597931448474396e-05
2020-02-27,-8.156878509757257e-05
2020-02-28,-0.0004969486791397698
2020-03-02,-0.0006643585126667127
2020-03-03,-0.0009017418453677787
2020-03-04,-0.0023879383130183964
2020-03-05,0.0005566079364160916
2020-03-06,-0.0003252444288259944
2020-03-09,-0.00025641584037107147
2020-03-10,-0.0007742458725341735
2020-03-11,0.001046997136859971
2020-03-12,-0.0010077119171676494
2020-03-13,-4.938373650732698e-05
2020-03-16,0.0006332362221411177
2020-03-17,-0.00028178748265095374
2020-03-18,0.000336718144283488
2020-03-19,0.00019916620596171288
2020-03-20,0.0003135983017435595
2020-03-23,-0.00025877495283996494
2020-03-24,-5.0508573209583137e-05
2020-03-25,0.00011249631375052002
2020-03-26,3.378189800337082e-05
2020-03-27,0.0001113800696342684
2020-03-30,-0.005569847360442372
2020-03-31,0.0005596121164063812
2020-04-01,0.0007745787112274191
2020-04-02,0.0009980516554080427
2020-04-03,0.0003958219277931026
2020-04-06,4.08628234886159e-05
2020-04-07,0.0002727142426904797
2020-04-08,5.461286200267265e-05
2020-04-09,0.0005556215950160752
2020-04-13,-3.921663919879649e-05
2020-04-14,0.00016582538158988976
2020-04-15,0.00021477550233050489
2020-04-16,6.048573738609728e-05
2020-04-17,0.00014341579841199497
2020-04-20,0.00017997013638618216
2020-04-21,2.0013999015095373e-05
2020-04-22,0.00010201747605676504
2020-04-23,0.00019638279825716915
2020-04-24,0.00017847320803601185
2020-04-27,0.00012189667959001222
2020-04-28,8.162843963741833e-05
2020-04-29,0.00017740963057349124
2020-04-30,-0.00010496200697433832
2020-05-01,0.00011155858913183474
2020-05-04,0.00017527057020725296
2020-05-05,0.00021177003060417028
2020-05-06,9.305292178109544e-05
2020-05-07,0.0001319630192623063
2020-05-08,0.0001807358231313199
2020-05-11,0.00012271569560052355
2020-05-12,0.00018536640663132493
2020-05-13,6.417605147895375e-05
2020-05-14,0.0001176314761128518
2020-05-15,0.00016766896104494395
2020-05-18,0.00011474297159269785
2020-05-19,0.0001926260969111843
2020-05-20,9.467812220092355e-05
2020-05-21,7.928239845597819e-06
2020-05-22,4.878558343507334e-05
2020-05-26,0.00010769800760820374
2020-05-27,0.00010016876922730606
2020-05-28,8.739626306140763e-05
2020-05-29,0.00014556201461912255
2020-06-01,1.8239665588134113e-05
2020-06-02,0.00011639884557778447
2020-06-03,0.00011458091836396792
2020-06-04,0.00013040421942875555
2020-06-05,0.00012489554497962317
2020-06-08,8.614816193077001e-05
2020-06-09,0.0001179862998485745
2020-06-10,0.00011146146054415672
2020-06-11,4.9899956896864566e-05
2020-06-12,6.49945632642666e-05
2020-06-15,0.00013451458863779383
2020-06-16,8.469786180438902e-05
2020-06-17,3.209925750839575e-05
2020-06-18,4.9398231209356365e-05
2020-06-19,2.4210911692927214e-05
2020-06-22,7.778394247702509e-05
2020-06-23,3.0379490761538153e-05
2020-06-24,4.8461704240377896e-05
2020-06-25,3.9956037351530724e-05
2020-06-26,2.4465392675872904e-05
2020-06-29,-0.00011663036213353124
2020-06-30,7.848606336083728e-06
2020-07-01,6.261430146911127e-05
2020-07-02,0.00015748412163537473
2020-07-03,4.726070001445053e-05
2020-07-06,3.481948745478558e-05
2020-07-07,7.76136023712673e-05
2020-07-08,3.358595311842796e-05
2020-07-09,2.0483062357551292e-06
2020-07-10,3.478775796055527e-05
2020-07-13,8.729938638969085e-05
2020-07-14,3.747207475070059e-05
2020-07-15,3.886668449779666e-05
2020-07-16,3.0413307006988277e-05
2020-07-17,2.886654803215557e-05
2020-07-20,8.544220888081294e-05
2020-07-21,3.1903704701302665e-05
2020-07-22,2.310958826169973e-05
2020-07-23,2.429635532346715e-05
2020-07-24,3.07928199214717e-05
2020-07-27,-2.0357642950303788e-05
2020-07-28,2.960143114540559e-05
2020-07-29,3.192192096363389e-05
2020-07-30,7.46141170406018e-05
2020-07-31,-6.98523226418143e-05
2020-08-03,7.62152335539816e-05
2020-08-04,2.0838659323016836e-05
2020-08-05,7.551287366361983e-05
2020-08-06,2.2029182887156498e-05
2020-08-07,1.3866433860912087e-05
2020-08-10,-2.9714350143389218e-05
2020-08-11,0.00011408012745804307
2020-08-12,2.4984272625463793e-05
2020-08-13,1.5644994818708833e-05
2020-08-14,5.268442924803165e-05
2020-08-17,-2.9255540063875267e-05
2020-08-18,-2.6580986400805437e-05
2020-08-19,-4.078843179527771e-05
2020-08-20,1.824853272080412e-05
2020-08-21,-4.1491953126696064e-05
2020-08-24,2.4086506864668763e-05
2020-08-25,6.461940468003567e-05
2020-08-26,1.9392987319441935e-06
2020-08-27,9.310441226937627e-06
2020-08-28,2.7969448639608315e-06
2020-08-31,8.666798392773797e-06
2020-09-01,5.6806732996085633e-05
2020-09-02,-3.459832383866822e-05
2020-09-03,1.3468218529941607e-05
2020-09-04,2.7806732368400216e-05
2020-09-08,6.48751252311344e-05
2020-09-09,3.6695445365161146e-05
2020-09-10,-1.6030248018749873e-05
2020-09-11,3.9301226873105096e-05
2020-09-14,8.089158096760211e-06
2020-09-15,2.6586195824509836e-05
2020-09-16,1.7588767852890065e-05
2020-09-17,3.587487855186529e-05
2020-09-18,1.1082531892164881e-05
2020-09-21,9.387427504620171e-06
2020-09-22,-1.1902051326513683e-05
2020-09-23,7.1737781902607495e-06
2020-09-24,-1.254965792080093e-05
2020-09-25,1.2833158969133048e-05
2020-09-28,-1.146174932405047e-05
2020-09-29,-0.0001635110872615824
2020-09-30,1.7185085842139e-05
2020-10-01,1.0595622231700815e-05
2020-10-02,5.235564198251675e-05
2020-10-05,-5.9219122686034444e-05
2020-10-06,0.00010100112376693955
2020-10-07,-7.381653109191755e-05
2020-10-08,3.421854122556255e-05
2020-10-09,1.1701551294457529e-05
2020-10-12,-3.261371810196055e-06
2020-10-13,3.862079243114952e-06
2020-10-14,5.949411489132401e-06
2020-10-15,9.716807798148545e-06
2020-10-16,4.1882823201049295e-05
2020-10-19,-3.643723736643296e-05
2020-10-20,2.8024258124646726e-06
2020-10-21,-1.0651268153772062e-06
2020-10-22,8.726552645030232e-06
2020-10-23,5.343111508039188e-05
2020-10-26,-5.1937370424470856e-05
2020-10-27,2.2010744775827464e-06
2020-10-28,-5.391331104406796e-06
2020-10-29,1.0666317113247991e-05
2020-10-30,3.6402678716990587e-07
2020-11-02,8.060765468965353e-08
2020-11-03,2.2344112665877567e-06
2020-11-04,-5.722395531296626e-06
2020-11-05,7.66737808486542e-06
2020-11-06,2.379520300956225e-06
2020-11-09,4.8478337467763226e-05
2020-11-10,2.914534188641556e-07
2020-11-11,4.519334129091969e-05
2020-11-12,-6.929356016934349e-05
2020-11-13,-7.606740830876355e-06
2020-11-16,-2.0049771583154987e-05
2020-11-17,5.118540976670159e-05
2020-11-18,-6.0892450053820125e-05
2020-11-19,4.304445974497085e-05
2020-11-20,-0.00010211321778462123
2020-11-23,-4.357638235087514e-05
2020-11-24,0.00010392870017236067
2020-11-25,-4.7834671097772205e-05
2020-11-27,5.656919047111202e-06
2020-11-30,3.6272184493642254e-05
2020-12-01,-4.570594229009626e-05
2020-12-02,9.171859184155223e-06
2020-12-03,2.763116418842033e-05
2020-12-04,1.6195224503828136e-05
2020-12-07,-1.3914844150777472e-05
2020-12-08,-1.659827238177444e-05
2020-12-09,2.43326405470083e-05
2020-12-10,1.4394316626248049e-05
2020-12-11,9.91725542730879e-06
2020-12-14,-6.436200740767904e-06
2020-12-15,-6.312171569358781e-06
2020-12-16,2.651104416884115e-06
2020-12-17,1.7540151106023321e-06
2020-12-18,2.4443161352814007e-05
2020-12-21,-6.747568069217342e-06
2020-12-22,-2.2253448445774077e-06
2020-12-23,-2.5645045826987785e-06
2020-12-24,-3.052281916890453e-05
2020-12-28,1.1722012248290714e-06
2020-12-29,2.46509551592123e-05
2020-12-30,-0.00018837620403150073
2020-12-31,-1.0342358259355738e-05
2021-01-04,-1.2749512186391547e-05
2021-01-05,-1.837812934202963e-06
2021-01-06,-1.5268236475862618e-05
2021-01-07,-2.0723001365568765e-05
2021-01-08,2.588738819252616e-05
2021-01-11,-7.542366570848737e-05
2021-01-12,1.4285272516886969e-05
2021-01-13,1.8540182698069928e-05
2021-01-14,-2.0378543491858808e-05
2021-01-15,-1.2844368867636459e-05
2021-01-19,-2.7577762643123526e-05
2021-01-20,-2.2582049571724887e-05
2021-01-21,-1.2354089651828207e-07
2021-01-22,-6.0732861402972756e-05
2021-01-25,-1.836242428231173e-05
2021-01-26,-5.385439271000139e-05
2021-01-27,1.2782140194603831e-05
2021-01-28,1.0060551387547952e-06
2021-01-29,-4.922052907963324e-05
2021-02-01,-4.135222975154979e-05
2021-02-02,3.853752664098512e-06
2021-02-03,3.9528145474838385e-05
2021-02-04,-1.6519070700907208e-05
2021-02-05,-1.4275004104894062e-05
2021-02-08,-5.6397509324990504e-05
2021-02-09,3.00035435172585e-05
2021-02-10,-1.1214179408954745e-05
2021-02-11,7.539607484642376e-07
2021-02-12,-1.0126500467799607e-05
2021-02-16,-5.1215687945600405e-05
2021-02-17,5.747546265913498e-05
2021-02-18,-9.174052871844466e-07
2021-02-19,-1.1691071161977045e-05
